generation,rank_1,rank_2,swapAccepted
1000,6,7,1
2000,2,8,0
3000,6,8,1
4000,2,6,1
5000,5,8,1
6000,4,8,1
7000,4,5,1
8000,1,3,1
9000,2,6,1
10000,3,7,0
11000,1,7,1
12000,3,4,1
13000,2,4,1
14000,5,6,1
15000,3,8,1
16000,1,6,1
17000,2,3,1
18000,1,4,0
19000,4,7,1
20000,2,5,1
21000,3,8,1
22000,3,5,1
23000,2,7,1
24000,3,4,1
25000,1,8,1
26000,6,8,1
27000,3,6,1
28000,4,6,1
29000,6,8,1
30000,3,5,1
31000,2,8,1
32000,4,8,1
33000,6,8,1
34000,3,6,1
35000,6,8,1
36000,1,5,1
37000,1,6,1
38000,3,7,1
39000,1,3,1
40000,2,5,1
41000,4,5,1
42000,1,6,0
43000,1,7,1
44000,2,4,1
45000,5,8,1
46000,5,8,1
47000,1,5,1
48000,1,5,1
49000,1,6,1
50000,1,3,1
51000,2,8,1
52000,3,6,1
53000,4,7,1
54000,2,3,1
55000,4,8,0
56000,1,6,1
57000,4,6,1
58000,3,6,1
59000,1,4,1
60000,2,4,1
61000,3,7,1
62000,1,5,1
63000,3,6,1
64000,4,6,1
65000,3,4,1
66000,6,7,1
67000,4,8,1
68000,3,8,1
69000,3,8,1
70000,5,7,1
71000,4,7,1
72000,2,5,1
73000,6,8,1
74000,4,7,1
75000,5,6,1
76000,5,8,1
77000,2,8,1
78000,2,3,1
79000,3,6,1
80000,2,8,1
81000,2,5,1
82000,4,7,1
83000,1,3,1
84000,2,6,1
85000,1,3,1
86000,7,8,1
87000,3,5,1
88000,3,8,0
89000,1,4,1
90000,4,8,1
91000,1,2,1
92000,3,5,1
93000,4,7,1
94000,2,3,1
95000,1,5,1
96000,2,6,1
97000,1,6,1
98000,6,7,1
99000,3,8,1
100000,2,5,1
101000,3,4,1
102000,1,8,1
103000,7,8,1
104000,2,5,1
105000,2,6,1
106000,1,5,1
107000,3,5,1
108000,2,4,1
109000,3,7,1
110000,6,7,1
111000,2,7,1
112000,1,6,1
113000,1,4,1
114000,1,5,1
115000,1,5,1
116000,5,8,1
117000,3,6,1
118000,5,6,1
119000,3,4,1
120000,1,8,1
121000,5,7,1
122000,2,6,1
123000,3,7,1
124000,1,6,1
125000,4,6,1
126000,2,8,1
127000,4,6,1
128000,6,7,1
129000,5,6,1
130000,5,6,1
131000,2,6,1
132000,3,7,1
133000,6,8,1
134000,1,3,1
135000,1,6,1
136000,2,6,1
137000,6,8,1
138000,1,7,1
139000,4,6,1
140000,1,6,0
141000,3,5,1
142000,7,8,1
143000,4,6,1
144000,3,8,1
145000,7,8,1
146000,6,8,1
147000,1,5,0
148000,1,5,1
149000,1,6,1
150000,5,7,1
151000,5,7,1
152000,2,3,1
153000,2,6,1
154000,2,3,1
155000,2,3,1
156000,2,5,1
157000,5,6,1
158000,1,8,1
159000,2,7,1
160000,1,7,1
161000,3,6,1
162000,6,7,1
163000,6,8,1
164000,4,6,1
165000,7,8,1
166000,4,6,1
167000,1,5,1
168000,1,8,1
169000,2,4,1
170000,2,4,1
171000,3,5,1
172000,1,7,1
173000,2,8,1
174000,4,5,1
175000,1,7,1
176000,2,4,1
177000,2,5,1
178000,2,3,1
179000,1,3,1
180000,4,5,0
181000,2,8,1
182000,1,2,1
183000,1,4,1
184000,1,3,1
185000,1,8,1
186000,3,5,1
187000,1,6,1
188000,3,4,1
189000,3,6,1
190000,1,4,1
191000,6,8,1
192000,4,5,1
193000,4,8,1
194000,6,7,1
195000,3,7,1
196000,1,2,1
197000,1,7,1
198000,3,7,1
199000,3,4,1
200000,5,7,1
201000,2,5,1
202000,1,7,1
203000,4,8,1
204000,2,6,1
205000,1,3,1
206000,1,4,1
207000,5,6,1
208000,5,6,1
209000,5,6,1
210000,4,5,1
211000,1,8,0
212000,1,7,1
213000,2,4,1
214000,5,7,0
215000,3,8,1
216000,5,8,1
217000,2,7,1
218000,7,8,1
219000,2,3,1
220000,6,7,1
221000,4,6,1
222000,1,4,1
223000,5,7,1
224000,5,8,0
225000,3,5,1
226000,1,8,1
227000,6,8,1
228000,1,5,1
229000,4,5,1
230000,3,8,0
231000,5,7,1
232000,6,8,1
233000,2,4,1
234000,3,8,1
235000,4,8,1
236000,4,5,1
237000,3,5,1
238000,5,7,1
239000,4,6,1
240000,2,4,1
241000,4,5,1
242000,1,4,1
243000,2,8,1
244000,5,6,1
245000,2,7,1
246000,1,3,1
247000,7,8,1
248000,2,5,1
249000,1,3,1
250000,4,8,1
251000,4,8,1
252000,6,7,1
253000,4,5,1
254000,3,4,1
255000,5,8,1
256000,4,6,1
257000,1,5,1
258000,3,7,1
259000,5,6,1
260000,5,8,1
261000,2,8,1
262000,3,4,1
263000,2,5,1
264000,2,3,1
265000,6,7,1
266000,5,6,1
267000,1,2,0
268000,5,7,1
269000,4,5,1
270000,6,8,1
271000,2,5,1
272000,1,3,1
273000,2,4,1
274000,1,6,1
275000,6,7,1
276000,4,8,1
277000,5,7,1
278000,3,5,1
279000,1,5,1
280000,2,8,1
281000,3,8,1
282000,1,2,1
283000,7,8,1
284000,4,7,1
285000,4,5,1
286000,6,7,1
287000,5,8,1
288000,5,6,1
289000,2,7,1
290000,3,7,1
291000,2,8,1
292000,3,4,1
293000,3,6,1
294000,6,8,1
295000,5,7,1
296000,2,3,1
297000,3,8,1
298000,3,8,0
299000,7,8,1
300000,2,7,0
301000,1,3,1
302000,5,8,1
303000,2,4,1
304000,2,4,1
305000,1,2,1
306000,2,8,1
307000,1,6,1
308000,4,8,1
309000,6,8,0
310000,7,8,1
311000,5,8,1
312000,2,4,1
313000,1,7,1
314000,2,7,1
315000,2,6,1
316000,5,8,1
317000,5,8,1
318000,1,3,1
319000,2,6,1
320000,1,6,1
321000,4,5,1
322000,7,8,1
323000,5,7,1
324000,3,4,1
325000,3,4,1
326000,2,6,0
327000,2,5,1
328000,5,8,0
329000,3,8,1
330000,3,8,1
331000,6,8,1
332000,5,7,1
333000,1,3,1
334000,3,5,1
335000,1,5,1
336000,1,7,0
337000,2,6,1
338000,1,6,1
339000,2,5,1
340000,3,7,0
341000,4,7,1
342000,1,7,1
343000,4,8,1
344000,3,4,1
345000,4,6,0
346000,2,7,0
347000,1,7,1
348000,3,5,1
349000,2,4,1
350000,3,6,1
351000,2,3,1
352000,2,5,1
353000,5,7,1
354000,4,5,1
355000,1,7,1
356000,1,5,1
357000,2,6,1
358000,5,8,1
359000,4,7,1
360000,2,5,1
361000,2,8,1
362000,1,7,1
363000,2,8,1
364000,1,2,1
365000,7,8,1
366000,2,7,1
367000,2,8,1
368000,1,5,1
369000,4,7,1
370000,2,3,1
371000,3,7,1
372000,7,8,1
373000,2,6,1
374000,5,6,1
375000,4,5,1
376000,1,2,1
377000,3,6,1
378000,5,7,1
379000,1,3,1
380000,4,7,1
381000,1,2,1
382000,5,8,1
383000,2,5,1
384000,2,4,1
385000,3,4,1
386000,5,8,1
387000,3,7,1
388000,4,5,1
389000,1,2,1
390000,2,6,1
391000,3,7,1
392000,1,5,1
393000,2,8,1
394000,1,8,1
395000,1,4,1
396000,1,4,1
397000,4,5,1
398000,3,6,1
399000,2,7,1
400000,1,5,1
401000,4,7,1
402000,3,5,1
403000,3,7,1
404000,3,5,1
405000,2,8,1
406000,1,4,1
407000,1,5,1
408000,2,4,1
409000,1,5,1
410000,4,5,1
411000,2,5,1
412000,1,3,1
413000,3,4,1
414000,6,8,1
415000,2,8,1
416000,1,8,1
417000,4,8,1
418000,2,3,1
419000,3,5,1
420000,1,8,1
421000,5,8,1
422000,1,3,1
423000,4,6,1
424000,6,8,1
425000,1,6,1
426000,1,7,1
427000,6,7,1
428000,5,7,1
429000,5,6,1
430000,1,8,1
431000,7,8,1
432000,5,7,1
433000,4,5,1
434000,5,8,1
435000,2,6,1
436000,3,6,1
437000,4,6,1
438000,3,4,1
439000,3,8,0
440000,5,7,1
441000,4,6,1
442000,1,8,1
443000,3,7,1
444000,7,8,1
445000,1,4,1
446000,5,7,1
447000,2,3,1
448000,1,4,1
449000,4,6,1
450000,6,8,1
451000,2,7,1
452000,4,5,1
453000,1,5,1
454000,3,8,1
455000,1,8,1
456000,7,8,1
457000,6,8,1
458000,2,8,1
459000,2,8,1
460000,2,7,1
461000,3,6,1
462000,6,7,1
463000,3,8,1
464000,1,6,1
465000,2,6,1
466000,3,4,1
467000,5,7,1
468000,1,8,1
469000,2,5,0
470000,2,3,1
471000,2,5,1
472000,2,5,1
473000,2,8,1
474000,5,7,1
475000,1,4,1
476000,3,4,1
477000,6,7,1
478000,3,5,1
479000,2,8,1
480000,6,8,1
481000,1,2,1
482000,1,6,1
483000,2,7,1
484000,1,5,1
485000,7,8,1
486000,1,7,1
487000,6,8,1
488000,5,7,1
489000,1,4,1
490000,4,6,1
491000,7,8,1
492000,1,5,1
493000,3,8,0
494000,1,8,1
495000,4,8,1
496000,1,4,1
497000,2,3,1
498000,1,3,1
499000,2,8,1
500000,5,8,1
501000,5,7,1
502000,1,3,1
503000,7,8,1
504000,2,5,1
505000,4,7,1
506000,1,7,0
507000,2,5,1
508000,1,6,1
509000,2,4,1
510000,1,6,1
511000,2,4,1
512000,5,7,1
513000,2,5,1
514000,3,7,1
515000,6,7,1
516000,1,7,1
517000,1,8,1
518000,1,2,1
519000,4,7,0
520000,2,7,1
521000,3,7,1
522000,7,8,1
523000,6,8,1
524000,5,6,1
525000,4,5,1
526000,2,6,1
527000,2,6,1
528000,3,4,1
529000,2,5,1
530000,3,7,1
531000,3,7,1
532000,1,7,1
533000,3,8,1
534000,2,6,1
535000,1,6,1
536000,4,5,1
537000,2,3,1
538000,2,5,1
539000,5,8,1
540000,1,2,1
541000,1,6,1
542000,1,8,1
543000,4,6,1
544000,1,3,1
545000,1,6,1
546000,4,7,1
547000,2,5,1
548000,1,2,1
549000,3,7,1
550000,4,5,1
551000,4,6,1
552000,5,8,1
553000,3,8,1
554000,1,2,1
555000,1,8,1
556000,3,7,1
557000,6,7,1
558000,4,6,1
559000,3,8,1
560000,1,7,1
561000,3,8,1
562000,1,8,0
563000,4,6,1
564000,3,4,1
565000,3,7,1
566000,2,7,1
567000,6,7,1
568000,6,8,1
569000,2,3,1
570000,3,5,1
571000,3,8,1
572000,1,7,1
573000,2,5,1
574000,1,5,1
575000,1,4,1
576000,2,7,1
577000,1,5,1
578000,2,3,1
579000,5,7,1
580000,1,3,1
581000,4,6,1
582000,1,7,1
583000,1,2,1
584000,1,4,1
585000,2,5,1
586000,5,8,1
587000,1,7,0
588000,2,4,1
589000,7,8,1
590000,6,8,1
591000,2,8,1
592000,2,8,1
593000,6,8,1
594000,3,4,1
595000,3,5,1
596000,4,7,1
597000,4,5,1
598000,4,7,1
599000,1,5,1
600000,3,5,1
601000,5,6,1
602000,5,7,1
603000,1,8,1
604000,2,7,0
605000,2,7,1
606000,3,6,1
607000,4,6,1
608000,5,7,1
609000,6,7,1
610000,1,8,1
611000,2,4,1
612000,3,4,1
613000,1,6,1
614000,3,6,1
615000,1,5,1
616000,2,4,1
617000,1,5,1
618000,6,7,1
619000,1,4,1
620000,3,5,1
621000,6,7,1
622000,3,6,1
623000,5,8,1
624000,2,3,1
625000,3,8,1
626000,7,8,1
627000,2,7,1
628000,1,6,0
629000,1,4,1
630000,7,8,1
631000,3,5,1
632000,2,5,1
633000,3,7,1
634000,7,8,1
635000,4,6,1
636000,3,7,1
637000,2,6,1
638000,2,5,1
639000,3,7,1
640000,6,7,1
641000,2,5,1
642000,5,6,1
643000,6,8,1
644000,3,6,1
645000,1,4,1
646000,6,8,1
647000,1,2,1
648000,3,8,1
649000,5,6,1
650000,4,5,1
651000,2,7,1
652000,2,3,1
653000,4,7,1
654000,6,8,1
655000,1,3,1
656000,2,4,1
657000,1,7,1
658000,4,7,1
659000,3,4,1
660000,3,4,1
661000,3,4,1
662000,1,5,1
663000,5,7,1
664000,3,4,1
665000,6,8,1
666000,1,6,1
667000,6,8,1
668000,3,8,1
669000,1,7,1
670000,3,5,1
671000,5,7,1
672000,2,5,1
673000,2,3,1
674000,1,3,1
675000,3,6,1
676000,4,8,1
677000,3,6,1
678000,2,4,1
679000,1,7,1
680000,6,8,1
681000,2,8,0
682000,4,8,1
683000,1,2,1
684000,2,8,1
685000,1,7,1
686000,3,8,1
687000,1,6,1
688000,3,8,1
689000,6,7,1
690000,5,8,1
691000,1,6,1
692000,3,6,1
693000,2,3,1
694000,4,5,1
695000,1,7,1
696000,1,5,1
697000,2,8,1
698000,6,8,1
699000,4,7,1
700000,5,6,1
701000,2,6,1
702000,4,8,0
703000,1,4,1
704000,5,8,1
705000,5,6,1
706000,1,3,1
707000,3,6,1
708000,1,8,1
709000,5,6,1
710000,3,5,0
711000,3,5,1
712000,1,2,1
713000,3,5,1
714000,2,8,1
715000,1,4,1
716000,4,7,1
717000,4,6,1
718000,3,8,1
719000,3,6,1
720000,1,2,1
721000,3,8,1
722000,6,8,1
723000,1,8,1
724000,2,5,1
725000,4,5,1
726000,4,7,1
727000,3,5,1
728000,1,7,1
729000,6,8,1
730000,2,4,1
731000,1,6,1
732000,4,5,1
733000,4,7,1
734000,2,5,1
735000,2,6,1
736000,1,4,1
737000,3,7,1
738000,1,6,1
739000,3,7,0
740000,1,5,1
741000,2,3,1
742000,5,7,1
743000,1,5,1
744000,7,8,1
745000,4,6,1
746000,1,5,1
747000,2,7,1
748000,3,8,1
749000,2,5,1
750000,4,6,1
751000,5,8,1
752000,1,7,1
753000,3,4,1
754000,7,8,1
755000,5,8,1
756000,4,7,1
757000,4,8,1
758000,5,7,1
759000,2,5,1
760000,2,8,1
761000,2,5,1
762000,5,7,1
763000,2,4,1
764000,3,4,1
765000,1,5,1
766000,5,7,1
767000,1,4,1
768000,2,4,1
769000,2,4,1
770000,1,7,1
771000,7,8,1
772000,2,6,0
773000,6,7,1
774000,3,5,1
775000,3,5,1
776000,2,8,1
777000,1,3,1
778000,3,6,1
779000,3,6,1
780000,3,7,1
781000,2,6,1
782000,1,6,1
783000,1,8,0
784000,1,3,1
785000,3,4,1
786000,1,2,1
787000,3,6,0
788000,2,5,1
789000,3,5,1
790000,1,6,1
791000,4,8,1
792000,7,8,1
793000,3,8,0
794000,1,7,0
795000,2,6,1
796000,2,3,1
797000,2,5,1
798000,3,6,1
799000,2,8,1
800000,1,8,1
801000,7,8,0
802000,2,8,1
803000,2,5,1
804000,3,5,1
805000,2,6,1
806000,7,8,1
807000,2,3,1
808000,3,4,1
809000,3,7,1
810000,2,8,1
811000,4,5,1
812000,1,8,1
813000,5,7,1
814000,6,7,1
815000,3,6,1
816000,2,6,1
817000,2,5,1
818000,3,6,1
819000,1,7,1
820000,1,7,1
821000,7,8,1
822000,2,4,1
823000,4,7,1
824000,4,6,0
825000,4,8,1
826000,3,5,1
827000,1,3,1
828000,1,5,1
829000,4,7,1
830000,2,5,1
831000,1,7,1
832000,1,7,1
833000,2,8,1
834000,2,3,1
835000,3,5,1
836000,1,8,1
837000,4,7,1
838000,1,8,1
839000,2,8,1
840000,4,8,1
841000,2,3,1
842000,2,6,1
843000,6,7,1
844000,2,4,0
845000,4,8,1
846000,1,8,1
847000,1,8,1
848000,2,4,1
849000,3,4,1
850000,1,5,1
851000,1,7,0
852000,4,8,1
853000,1,6,1
854000,5,8,0
855000,5,8,1
856000,6,8,1
857000,4,8,1
858000,1,3,1
859000,3,7,1
860000,4,8,1
861000,1,4,1
862000,2,5,1
863000,2,8,0
864000,4,5,1
865000,3,6,1
866000,3,7,1
867000,4,7,0
868000,4,8,1
869000,5,6,1
870000,4,8,1
871000,3,6,1
872000,5,6,1
873000,3,7,1
874000,1,8,1
875000,4,8,1
876000,5,8,1
877000,3,5,1
878000,1,5,1
879000,1,3,1
880000,5,8,0
881000,1,6,0
882000,2,8,1
883000,4,7,1
884000,6,7,1
885000,2,3,1
886000,1,7,1
887000,2,8,1
888000,7,8,1
889000,1,2,1
890000,2,8,1
891000,3,5,1
892000,1,3,1
893000,1,5,1
894000,5,7,1
895000,6,8,1
896000,3,4,1
897000,3,8,1
898000,2,6,1
899000,5,8,1
900000,3,5,1
901000,3,8,0
902000,1,5,1
903000,3,7,0
904000,2,7,1
905000,2,8,0
906000,4,5,1
907000,5,8,1
908000,2,7,1
909000,5,8,1
910000,2,8,1
911000,4,5,1
912000,5,7,1
913000,3,4,1
914000,3,7,1
915000,2,5,1
916000,7,8,1
917000,1,7,1
918000,2,5,1
919000,5,7,1
920000,4,8,1
921000,3,4,1
922000,2,8,1
923000,1,4,1
924000,4,8,1
925000,2,3,1
926000,1,2,1
927000,2,5,1
928000,1,3,1
929000,3,6,1
930000,3,4,1
931000,4,7,1
932000,5,6,1
933000,5,6,1
934000,2,4,1
935000,6,7,1
936000,5,7,1
937000,1,3,1
938000,4,6,1
939000,1,4,1
940000,1,5,1
941000,3,6,1
942000,2,6,1
943000,6,7,1
944000,2,6,1
945000,1,2,1
946000,4,6,1
947000,1,3,1
948000,2,6,1
949000,5,6,1
950000,3,5,1
951000,3,6,1
952000,6,8,0
953000,7,8,1
954000,4,5,1
955000,3,5,1
956000,1,8,1
957000,6,7,1
958000,5,7,1
959000,2,5,1
960000,3,6,1
961000,2,7,1
962000,1,7,1
963000,1,8,1
964000,4,6,1
965000,3,7,1
966000,1,3,1
967000,1,7,0
968000,4,7,1
969000,3,4,1
970000,4,7,1
971000,2,4,1
972000,3,5,1
973000,6,7,1
974000,1,4,1
975000,7,8,1
976000,3,6,1
977000,5,6,1
978000,3,5,1
979000,4,8,1
980000,2,3,1
981000,3,4,1
982000,4,6,1
983000,2,5,1
984000,1,2,1
985000,3,4,1
986000,5,7,1
987000,1,4,1
988000,5,6,1
989000,4,8,1
990000,5,6,1
991000,5,7,0
992000,1,4,1
993000,1,8,0
994000,1,4,1
995000,5,7,1
996000,2,3,1
997000,2,5,1
998000,6,7,1
999000,1,5,1
1000000,6,8,1
1001000,4,5,1
1002000,4,5,1
1003000,6,7,1
1004000,5,8,1
1005000,4,7,1
1006000,2,5,1
1007000,2,5,1
1008000,1,7,1
1009000,2,7,1
1010000,3,5,1
1011000,1,8,1
1012000,5,8,1
1013000,4,6,1
1014000,2,7,1
1015000,5,8,1
1016000,4,6,1
1017000,1,5,1
1018000,1,4,1
1019000,2,5,1
1020000,1,2,1
1021000,3,8,1
1022000,2,8,1
1023000,2,6,1
1024000,3,7,1
1025000,1,2,1
1026000,5,6,1
1027000,3,4,1
1028000,2,4,1
1029000,1,7,1
1030000,6,7,1
1031000,3,7,1
1032000,4,7,1
1033000,6,8,1
1034000,5,6,1
1035000,1,3,1
1036000,4,5,1
1037000,3,6,1
1038000,1,4,1
1039000,4,6,0
1040000,5,7,1
1041000,4,5,1
1042000,4,7,1
1043000,3,6,1
1044000,4,5,1
1045000,2,7,1
1046000,2,3,1
1047000,3,6,1
1048000,6,7,1
1049000,3,7,1
1050000,3,4,1
1051000,1,8,1
1052000,4,5,1
1053000,3,5,1
1054000,5,7,1
1055000,3,6,1
1056000,2,4,1
1057000,7,8,1
1058000,1,5,0
1059000,6,8,1
1060000,7,8,1
1061000,3,8,1
1062000,2,4,1
1063000,5,6,1
1064000,2,6,1
1065000,1,6,1
1066000,3,8,1
1067000,6,7,1
1068000,5,7,1
1069000,3,5,1
1070000,3,6,1
1071000,1,6,1
1072000,4,6,1
1073000,3,6,1
1074000,1,2,1
1075000,1,7,1
1076000,6,7,1
1077000,1,8,1
1078000,2,4,1
1079000,4,8,1
1080000,1,5,1
1081000,4,5,1
1082000,6,8,1
1083000,6,7,1
1084000,1,7,1
1085000,2,8,1
1086000,5,8,1
1087000,6,7,1
1088000,3,4,1
1089000,5,6,1
1090000,2,8,1
1091000,3,5,1
1092000,1,4,1
1093000,3,4,1
1094000,4,8,1
1095000,2,6,1
1096000,1,3,1
1097000,2,7,1
1098000,3,4,1
1099000,2,4,1
1100000,3,6,1
1101000,3,6,1
1102000,1,2,1
1103000,3,8,1
1104000,5,7,1
1105000,3,5,1
1106000,1,5,1
1107000,1,7,1
1108000,2,8,1
1109000,4,7,1
1110000,3,5,1
1111000,2,5,1
1112000,5,8,1
1113000,4,8,1
1114000,1,2,1
1115000,1,2,1
1116000,2,4,1
1117000,3,4,1
1118000,3,4,1
1119000,3,4,1
1120000,3,6,1
1121000,4,5,1
1122000,5,7,1
1123000,2,4,1
1124000,4,5,1
1125000,4,8,1
1126000,2,3,1
1127000,3,7,1
1128000,6,7,1
1129000,2,4,1
1130000,4,6,1
1131000,5,7,1
1132000,6,7,1
1133000,1,7,1
1134000,1,5,1
1135000,3,8,1
1136000,1,4,1
1137000,3,4,1
1138000,2,8,1
1139000,2,7,1
1140000,3,4,1
1141000,3,6,1
1142000,3,7,1
1143000,3,4,1
1144000,1,4,1
1145000,2,8,1
1146000,6,7,1
1147000,5,6,1
1148000,5,7,1
1149000,3,4,1
1150000,3,5,1
1151000,6,8,1
1152000,3,8,1
1153000,4,7,1
1154000,2,4,1
1155000,4,7,1
1156000,3,5,1
1157000,2,7,1
1158000,4,7,1
1159000,1,6,1
1160000,3,7,1
1161000,5,8,1
1162000,2,8,1
1163000,5,6,1
1164000,1,8,1
1165000,1,2,1
1166000,5,8,1
1167000,3,5,1
1168000,6,8,1
1169000,4,5,1
1170000,1,6,1
1171000,4,7,1
1172000,1,7,1
1173000,1,3,1
1174000,2,4,1
1175000,4,7,1
1176000,1,7,1
1177000,3,7,1
1178000,5,6,1
1179000,4,8,1
1180000,5,6,1
1181000,2,7,1
1182000,4,6,1
1183000,1,5,1
1184000,2,4,1
1185000,7,8,1
1186000,4,8,1
1187000,3,8,1
1188000,1,6,1
1189000,1,3,1
1190000,6,7,1
1191000,5,7,1
1192000,1,3,1
1193000,5,8,1
1194000,3,5,1
1195000,1,5,1
1196000,3,6,1
1197000,1,6,0
1198000,3,7,1
1199000,3,7,1
1200000,3,6,1
1201000,1,2,1
1202000,2,5,1
1203000,1,4,1
1204000,7,8,1
1205000,2,8,1
1206000,2,7,1
1207000,3,8,1
1208000,2,8,1
1209000,6,8,0
1210000,4,6,1
1211000,4,6,1
1212000,1,4,1
1213000,3,4,1
1214000,5,8,1
1215000,6,8,1
1216000,1,8,1
1217000,5,6,1
1218000,1,4,1
1219000,4,7,1
1220000,1,6,1
1221000,2,5,1
1222000,1,2,1
1223000,3,5,1
1224000,3,4,1
1225000,1,3,1
1226000,3,4,1
1227000,2,8,1
1228000,4,8,1
1229000,2,6,1
1230000,2,8,0
1231000,6,8,1
1232000,5,6,1
1233000,3,4,1
1234000,1,4,1
1235000,1,4,1
1236000,1,7,1
1237000,2,7,1
1238000,2,6,1
1239000,1,3,1
1240000,1,8,1
1241000,2,5,1
1242000,1,5,1
1243000,2,3,1
1244000,6,7,1
1245000,2,3,1
1246000,1,3,1
1247000,4,8,1
1248000,4,7,1
1249000,1,5,1
1250000,5,6,1
1251000,5,7,1
1252000,4,8,1
1253000,3,7,1
1254000,3,5,1
1255000,4,7,1
1256000,2,3,1
1257000,4,8,1
1258000,1,4,1
1259000,5,7,1
1260000,1,8,1
1261000,3,8,1
1262000,1,5,1
1263000,7,8,1
1264000,1,7,1
1265000,6,7,1
1266000,3,8,1
1267000,3,5,1
1268000,6,8,1
1269000,2,3,1
1270000,4,8,1
1271000,5,6,1
1272000,5,7,1
1273000,2,3,1
1274000,4,5,1
1275000,3,4,1
1276000,3,6,1
1277000,3,7,1
1278000,4,8,1
1279000,5,8,1
1280000,4,5,1
1281000,1,4,1
1282000,1,4,1
1283000,5,8,1
1284000,1,7,1
1285000,2,5,1
1286000,2,8,1
1287000,1,2,1
1288000,3,8,1
1289000,4,8,1
1290000,1,5,1
1291000,2,8,1
1292000,2,3,1
1293000,5,7,1
1294000,3,7,1
1295000,7,8,1
1296000,1,3,1
1297000,3,4,1
1298000,2,7,1
1299000,6,8,1
1300000,1,4,1
1301000,6,7,1
1302000,4,6,1
1303000,6,8,1
1304000,2,5,1
1305000,1,6,1
1306000,1,4,1
1307000,3,5,1
1308000,2,7,1
1309000,6,8,1
1310000,1,2,1
1311000,5,8,1
1312000,2,6,0
1313000,1,2,1
1314000,7,8,1
1315000,2,8,1
1316000,1,8,1
1317000,5,6,1
1318000,4,5,1
1319000,2,7,1
1320000,2,3,1
1321000,2,3,1
1322000,3,8,1
1323000,2,7,1
1324000,1,3,1
1325000,5,7,1
1326000,1,5,1
1327000,1,7,1
1328000,5,8,1
1329000,2,3,1
1330000,1,5,1
1331000,4,6,1
1332000,6,7,1
1333000,6,8,1
1334000,2,8,1
1335000,3,7,1
1336000,3,6,1
1337000,1,4,1
1338000,7,8,1
1339000,3,5,1
1340000,3,8,1
1341000,3,8,1
1342000,2,3,1
1343000,2,3,1
1344000,4,8,1
1345000,2,8,1
1346000,7,8,1
1347000,2,8,1
1348000,6,7,1
1349000,1,7,1
1350000,5,6,1
1351000,6,8,1
1352000,6,8,1
1353000,7,8,1
1354000,3,5,1
1355000,1,3,1
1356000,1,4,1
1357000,2,5,1
1358000,3,4,1
1359000,2,8,1
1360000,1,6,1
1361000,2,5,1
1362000,4,5,1
1363000,2,4,1
1364000,1,5,1
1365000,2,8,1
1366000,5,8,1
1367000,6,7,1
1368000,4,5,1
1369000,2,4,1
1370000,5,8,1
1371000,7,8,1
1372000,1,7,1
1373000,2,3,1
1374000,1,4,1
1375000,3,4,1
1376000,6,7,1
1377000,2,8,1
1378000,4,8,1
1379000,2,5,1
1380000,4,6,1
1381000,4,5,1
1382000,4,7,1
1383000,5,7,1
1384000,1,8,1
1385000,2,6,1
1386000,1,8,1
1387000,2,7,1
1388000,3,6,1
1389000,1,5,1
1390000,2,8,1
1391000,2,4,1
1392000,4,5,1
1393000,4,7,1
1394000,1,5,1
1395000,2,8,1
1396000,3,6,1
1397000,4,5,1
1398000,2,7,1
1399000,1,2,1
1400000,3,4,1
1401000,4,5,1
1402000,1,6,1
1403000,1,2,1
1404000,3,7,1
1405000,6,8,1
1406000,7,8,1
1407000,6,8,1
1408000,2,8,1
1409000,6,7,1
1410000,7,8,1
1411000,6,8,1
1412000,1,2,1
1413000,1,5,1
1414000,1,5,1
1415000,1,4,1
1416000,5,7,1
1417000,5,7,1
1418000,4,5,1
1419000,1,4,1
1420000,5,7,1
1421000,4,7,1
1422000,1,4,1
1423000,2,3,1
1424000,2,7,1
1425000,1,5,1
1426000,2,6,1
1427000,3,5,1
1428000,1,6,1
1429000,3,7,1
1430000,2,3,1
1431000,1,6,1
1432000,1,2,1
1433000,1,8,1
1434000,3,5,1
1435000,5,7,1
1436000,1,3,1
1437000,2,6,1
1438000,1,4,1
1439000,1,8,1
1440000,1,5,1
1441000,4,6,1
1442000,5,8,1
1443000,4,5,1
1444000,2,4,1
1445000,2,4,1
1446000,2,4,1
1447000,4,8,1
1448000,1,7,1
1449000,5,7,1
1450000,3,7,1
1451000,3,7,1
1452000,1,6,1
1453000,2,5,1
1454000,1,2,1
1455000,1,6,1
1456000,1,3,1
1457000,4,7,1
1458000,4,8,0
1459000,1,2,1
1460000,4,7,1
1461000,1,6,1
1462000,5,6,1
1463000,2,5,1
1464000,1,7,1
1465000,1,8,1
1466000,3,7,1
1467000,7,8,1
1468000,3,6,1
1469000,2,5,1
1470000,1,3,1
1471000,3,5,1
1472000,2,3,1
1473000,1,6,1
1474000,4,8,1
1475000,1,4,1
1476000,7,8,1
1477000,1,2,1
1478000,2,4,1
1479000,6,8,1
1480000,4,7,1
1481000,3,8,1
1482000,2,6,1
1483000,5,6,1
1484000,2,7,1
1485000,2,3,1
1486000,3,8,1
1487000,4,6,1
1488000,5,6,1
1489000,4,8,0
1490000,3,5,1
1491000,4,7,1
1492000,1,7,1
1493000,4,6,1
1494000,4,7,1
1495000,1,6,1
1496000,4,8,1
1497000,2,3,1
1498000,5,8,1
1499000,1,8,1
1500000,6,8,1
1501000,6,7,1
1502000,1,7,1
1503000,2,6,1
1504000,1,6,1
1505000,5,7,1
1506000,4,5,1
1507000,4,5,1
1508000,2,3,1
1509000,4,6,1
1510000,3,7,1
1511000,2,3,1
1512000,2,3,0
1513000,3,8,1
1514000,1,6,1
1515000,4,7,1
1516000,1,2,1
1517000,3,8,1
1518000,3,7,1
1519000,4,5,1
1520000,1,6,1
1521000,3,6,1
1522000,6,8,1
1523000,4,5,1
1524000,1,5,1
1525000,7,8,1
1526000,1,4,1
1527000,3,6,1
1528000,2,5,1
1529000,1,4,1
1530000,4,8,1
1531000,7,8,1
1532000,1,5,1
1533000,7,8,1
1534000,2,3,1
1535000,3,6,1
1536000,5,7,1
1537000,1,4,1
1538000,3,5,0
1539000,2,6,1
1540000,2,5,1
1541000,2,6,1
1542000,2,7,1
1543000,2,4,1
1544000,4,6,1
1545000,2,6,1
1546000,4,6,1
1547000,1,8,0
1548000,1,3,1
1549000,1,8,1
1550000,1,7,1
1551000,1,6,1
1552000,3,6,1
1553000,5,7,1
1554000,6,8,1
1555000,1,7,1
1556000,3,7,0
1557000,2,4,1
1558000,6,7,1
1559000,4,5,1
1560000,2,7,1
1561000,4,8,1
1562000,1,4,1
1563000,3,6,1
1564000,2,3,1
1565000,2,5,1
1566000,3,5,1
1567000,3,8,1
1568000,5,7,1
1569000,2,5,1
1570000,2,5,1
1571000,2,7,1
1572000,2,8,1
1573000,1,2,1
1574000,2,7,1
1575000,1,7,1
1576000,2,3,1
1577000,4,8,1
1578000,2,8,1
1579000,3,6,1
1580000,1,5,1
1581000,2,6,0
1582000,5,7,1
1583000,1,7,1
1584000,1,3,1
1585000,4,7,1
1586000,4,8,1
1587000,2,8,1
1588000,2,3,1
1589000,2,3,1
1590000,1,6,1
1591000,4,6,1
1592000,3,6,1
1593000,4,7,0
1594000,7,8,1
1595000,3,6,1
1596000,4,7,1
1597000,4,8,0
1598000,1,8,0
1599000,4,5,1
1600000,2,7,1
1601000,7,8,1
1602000,5,7,1
1603000,5,6,1
1604000,6,7,1
1605000,3,8,1
1606000,3,6,1
1607000,5,6,1
1608000,5,7,1
1609000,5,6,1
1610000,3,5,1
1611000,3,5,1
1612000,5,8,1
1613000,3,4,1
1614000,2,7,1
1615000,1,3,1
1616000,4,8,1
1617000,1,8,1
1618000,3,7,1
1619000,1,6,1
1620000,5,7,1
1621000,3,5,1
1622000,2,6,1
1623000,1,6,1
1624000,2,3,1
1625000,1,8,1
1626000,7,8,1
1627000,6,7,1
1628000,2,8,1
1629000,1,6,1
1630000,4,6,1
1631000,4,6,1
1632000,1,4,1
1633000,4,8,1
1634000,4,8,1
1635000,6,8,1
1636000,2,6,1
1637000,2,3,1
1638000,3,7,1
1639000,1,3,1
1640000,3,6,1
1641000,2,3,1
1642000,1,4,1
1643000,4,6,0
1644000,1,7,1
1645000,6,7,1
1646000,5,7,1
1647000,1,3,1
1648000,3,8,1
1649000,2,3,1
1650000,2,7,1
1651000,4,7,1
1652000,5,7,1
1653000,1,5,1
1654000,5,7,1
1655000,3,7,1
1656000,2,8,1
1657000,3,5,1
1658000,2,4,1
1659000,4,8,1
1660000,3,4,1
1661000,2,8,1
1662000,3,5,1
1663000,4,6,1
1664000,5,6,1
1665000,4,8,1
1666000,5,8,1
1667000,2,8,1
1668000,3,4,1
1669000,3,7,1
1670000,1,5,1
1671000,2,6,1
1672000,3,5,1
1673000,5,8,1
1674000,3,6,1
1675000,1,8,1
1676000,1,4,1
1677000,1,5,1
1678000,2,4,1
1679000,3,6,1
1680000,1,8,1
1681000,2,4,0
1682000,3,6,1
1683000,1,8,1
1684000,3,7,1
1685000,4,7,1
1686000,3,8,1
1687000,4,6,1
1688000,2,6,1
1689000,2,7,0
1690000,1,6,1
1691000,4,8,1
1692000,2,4,1
1693000,1,7,1
1694000,1,2,1
1695000,4,6,1
1696000,3,4,1
1697000,1,5,1
1698000,2,8,1
1699000,2,7,1
1700000,4,6,1
1701000,1,3,1
1702000,1,8,1
1703000,2,5,1
1704000,3,4,1
1705000,4,7,1
1706000,3,5,1
1707000,3,4,1
1708000,2,3,1
1709000,3,4,1
1710000,7,8,1
1711000,2,8,1
1712000,1,5,1
1713000,2,8,1
1714000,5,8,1
1715000,2,6,1
1716000,1,4,1
1717000,3,8,1
1718000,1,8,1
1719000,2,8,1
1720000,2,7,1
1721000,2,4,1
1722000,1,6,1
1723000,1,5,1
1724000,1,7,1
1725000,4,7,1
1726000,1,4,1
1727000,6,8,1
1728000,1,8,1
1729000,7,8,1
1730000,2,3,1
1731000,1,4,1
1732000,2,4,1
1733000,1,8,1
1734000,1,8,1
1735000,4,6,1
1736000,6,8,1
1737000,4,5,1
1738000,6,7,1
1739000,2,7,1
1740000,5,7,1
1741000,2,5,1
1742000,1,5,1
1743000,1,3,1
1744000,3,5,0
1745000,3,4,1
1746000,1,4,1
1747000,3,5,1
1748000,6,8,1
1749000,1,3,1
1750000,4,5,1
1751000,1,5,1
1752000,7,8,1
1753000,1,6,1
1754000,5,8,1
1755000,1,2,1
1756000,4,7,1
1757000,6,8,1
1758000,6,8,1
1759000,4,7,1
1760000,5,7,1
1761000,7,8,1
1762000,3,8,1
1763000,1,5,1
1764000,5,8,1
1765000,3,5,1
1766000,1,2,1
1767000,1,8,1
1768000,1,8,1
1769000,1,8,1
1770000,3,5,1
1771000,3,5,1
1772000,6,7,1
1773000,2,3,1
1774000,1,5,1
1775000,2,7,1
1776000,7,8,1
1777000,2,4,1
1778000,5,6,1
1779000,4,7,1
1780000,1,8,1
1781000,2,8,1
1782000,1,3,1
1783000,5,8,1
1784000,5,7,1
1785000,1,3,1
1786000,2,4,1
1787000,1,7,1
1788000,2,3,1
1789000,3,5,1
1790000,4,7,1
1791000,2,5,1
1792000,1,4,1
1793000,2,3,1
1794000,3,5,1
1795000,1,4,1
1796000,1,6,1
1797000,2,4,1
1798000,3,7,1
1799000,2,8,1
1800000,6,7,1
1801000,1,4,1
1802000,4,6,1
1803000,2,8,1
1804000,1,6,1
1805000,2,3,1
1806000,6,8,1
1807000,5,6,1
1808000,5,8,1
1809000,3,7,1
1810000,4,7,1
1811000,3,6,1
1812000,3,7,1
1813000,4,5,1
1814000,1,8,1
1815000,4,8,1
1816000,3,4,1
1817000,7,8,1
1818000,1,5,1
1819000,2,8,1
1820000,1,5,1
1821000,2,5,1
1822000,2,3,1
1823000,4,8,1
1824000,3,7,1
1825000,2,4,1
1826000,3,7,1
1827000,3,4,0
1828000,4,7,1
1829000,3,7,1
1830000,2,3,1
1831000,1,4,1
1832000,6,8,1
1833000,2,6,1
1834000,4,8,1
1835000,1,5,1
1836000,1,3,1
1837000,6,7,1
1838000,4,6,1
1839000,3,4,1
1840000,5,7,1
1841000,2,7,1
1842000,3,5,1
1843000,3,5,1
1844000,1,6,1
1845000,2,3,1
1846000,3,4,1
1847000,7,8,1
1848000,1,3,1
1849000,3,4,1
1850000,5,8,1
1851000,1,2,1
1852000,1,7,1
1853000,5,8,0
1854000,3,4,1
1855000,6,7,1
1856000,4,8,1
1857000,2,3,1
1858000,1,8,1
1859000,3,6,1
1860000,4,7,1
1861000,3,7,1
1862000,7,8,1
1863000,1,3,1
1864000,2,4,1
1865000,4,7,1
1866000,5,6,1
1867000,2,5,1
1868000,3,7,1
1869000,3,4,1
1870000,1,3,1
1871000,5,6,1
1872000,4,8,1
1873000,4,6,1
1874000,2,4,1
1875000,5,7,1
1876000,2,5,1
1877000,5,6,1
1878000,5,7,1
1879000,2,7,1
1880000,1,2,1
1881000,3,6,1
1882000,3,5,0
1883000,1,5,1
1884000,3,6,1
1885000,3,7,1
1886000,4,6,1
1887000,4,7,1
1888000,6,7,1
1889000,7,8,1
1890000,2,4,1
1891000,1,8,1
1892000,4,5,1
1893000,3,4,1
1894000,3,4,1
1895000,1,5,1
1896000,4,7,1
1897000,6,8,1
1898000,4,7,1
1899000,3,8,1
1900000,6,7,1
1901000,2,8,1
1902000,4,7,1
1903000,1,3,1
1904000,4,7,1
1905000,1,2,1
1906000,1,7,1
1907000,1,3,1
1908000,2,7,1
1909000,3,8,1
1910000,1,6,1
1911000,5,7,1
1912000,3,6,1
1913000,6,7,1
1914000,1,5,1
1915000,1,5,1
1916000,2,3,1
1917000,2,7,1
1918000,1,8,1
1919000,3,5,1
1920000,3,6,1
1921000,4,5,1
1922000,1,8,1
1923000,2,7,0
1924000,4,6,1
1925000,1,6,1
1926000,3,7,0
1927000,1,3,1
1928000,2,7,1
1929000,7,8,1
1930000,1,7,1
1931000,1,2,1
1932000,5,7,1
1933000,1,6,1
1934000,2,8,1
1935000,1,6,1
1936000,2,4,1
1937000,1,4,1
1938000,2,7,1
1939000,6,7,1
1940000,5,6,1
1941000,2,7,1
1942000,2,7,1
1943000,7,8,1
1944000,4,5,1
1945000,1,3,1
1946000,2,3,1
1947000,1,7,1
1948000,4,7,1
1949000,2,3,1
1950000,1,4,1
1951000,1,4,1
1952000,2,7,1
1953000,2,4,1
1954000,4,7,1
1955000,1,7,1
1956000,3,8,1
1957000,1,6,1
1958000,1,4,1
1959000,2,4,1
1960000,5,8,1
1961000,3,5,1
1962000,4,6,1
1963000,5,7,1
1964000,1,5,1
1965000,1,6,1
1966000,2,4,1
1967000,2,5,1
1968000,7,8,1
1969000,2,4,1
1970000,2,8,1
1971000,4,5,1
1972000,3,7,1
1973000,3,7,1
1974000,1,3,1
1975000,2,5,1
1976000,2,6,1
1977000,1,6,1
1978000,5,8,1
1979000,2,6,1
1980000,5,6,1
1981000,3,4,1
1982000,5,7,1
1983000,4,5,1
1984000,1,2,1
1985000,2,7,1
1986000,2,4,1
1987000,2,8,1
1988000,1,2,1
1989000,2,8,0
1990000,2,5,1
1991000,4,8,1
1992000,4,8,1
1993000,4,8,1
1994000,1,8,1
1995000,2,6,1
1996000,1,4,1
1997000,1,4,1
1998000,7,8,1
1999000,1,5,1
2000000,2,4,1
2001000,1,3,1
2002000,4,7,1
2003000,2,3,1
2004000,2,4,1
2005000,3,8,1
2006000,1,3,1
2007000,4,5,1
2008000,2,8,1
2009000,5,7,1
2010000,2,3,1
2011000,5,7,1
2012000,5,7,1
2013000,1,5,1
2014000,2,4,1
2015000,2,6,1
2016000,2,6,1
2017000,3,6,1
2018000,1,4,1
2019000,3,7,1
2020000,1,4,1
2021000,5,7,1
2022000,4,7,1
2023000,6,8,1
2024000,3,7,1
2025000,1,2,1
2026000,2,6,1
2027000,6,7,1
2028000,6,8,1
2029000,1,5,1
2030000,3,7,1
2031000,4,8,1
2032000,2,8,1
2033000,5,7,1
2034000,5,8,1
2035000,2,3,1
2036000,6,8,1
2037000,4,5,1
2038000,5,7,1
2039000,3,4,1
2040000,5,8,1
2041000,5,7,1
2042000,1,2,1
2043000,1,7,0
2044000,1,2,1
2045000,2,6,1
2046000,4,6,1
2047000,3,6,1
2048000,1,7,1
2049000,1,2,1
2050000,4,8,1
2051000,3,8,1
2052000,2,3,1
2053000,4,7,1
2054000,2,4,1
2055000,3,8,1
2056000,1,7,1
2057000,7,8,1
2058000,2,3,1
2059000,7,8,1
2060000,2,4,1
2061000,1,6,1
2062000,4,6,1
2063000,6,7,1
2064000,4,7,1
2065000,1,6,1
2066000,5,8,1
2067000,1,2,1
2068000,3,4,1
2069000,7,8,1
2070000,3,4,1
2071000,1,7,1
2072000,1,4,1
2073000,2,3,1
2074000,4,6,1
2075000,1,6,1
2076000,2,7,1
2077000,4,8,1
2078000,5,6,1
2079000,1,8,1
2080000,4,5,1
2081000,3,6,1
2082000,2,3,1
2083000,2,4,1
2084000,5,6,1
2085000,1,7,0
2086000,6,7,1
2087000,1,2,1
2088000,3,6,1
2089000,1,2,1
2090000,3,4,1
2091000,1,2,1
2092000,4,7,1
2093000,3,7,0
2094000,3,8,1
2095000,6,8,1
2096000,3,6,1
2097000,3,6,1
2098000,3,8,1
2099000,3,8,1
2100000,1,2,1
2101000,2,6,1
2102000,1,5,1
2103000,3,4,1
2104000,1,3,1
2105000,1,8,1
2106000,2,4,1
2107000,1,5,1
2108000,7,8,1
2109000,3,4,1
2110000,4,6,1
2111000,7,8,1
2112000,1,4,1
2113000,2,3,1
2114000,1,6,1
2115000,1,4,1
2116000,5,7,1
2117000,1,2,1
2118000,3,7,1
2119000,1,7,1
2120000,4,8,1
2121000,2,7,1
2122000,3,7,1
2123000,2,7,1
2124000,5,7,1
2125000,2,3,1
2126000,4,5,1
2127000,1,3,1
2128000,2,3,1
2129000,3,6,1
2130000,2,6,1
2131000,1,6,0
2132000,1,5,1
2133000,1,4,1
2134000,5,6,1
2135000,2,5,1
2136000,3,4,1
2137000,5,8,1
2138000,2,8,1
2139000,5,6,1
2140000,2,8,1
2141000,3,4,1
2142000,2,8,0
2143000,7,8,1
2144000,2,6,1
2145000,2,3,1
2146000,3,4,1
2147000,5,8,1
2148000,5,8,1
2149000,2,4,1
2150000,1,2,1
2151000,1,7,1
2152000,3,4,1
2153000,1,5,1
2154000,1,3,1
2155000,5,7,1
2156000,1,2,1
2157000,1,3,1
2158000,5,7,1
2159000,1,7,0
2160000,3,5,1
2161000,5,6,1
2162000,2,8,1
2163000,1,4,1
2164000,3,5,1
2165000,3,5,1
2166000,1,8,1
2167000,1,5,1
2168000,1,6,1
2169000,2,4,1
2170000,4,8,1
2171000,2,5,1
2172000,4,7,1
2173000,2,7,1
2174000,5,8,1
2175000,3,8,1
2176000,2,6,1
2177000,1,5,1
2178000,3,7,1
2179000,3,5,1
2180000,6,7,1
2181000,1,6,1
2182000,3,7,1
2183000,4,7,1
2184000,6,7,1
2185000,1,3,0
2186000,1,6,1
2187000,6,8,1
2188000,1,2,1
2189000,5,7,1
2190000,1,5,1
2191000,4,6,1
2192000,4,8,1
2193000,1,5,1
2194000,3,7,1
2195000,2,3,1
2196000,2,4,1
2197000,5,6,1
2198000,3,4,1
2199000,2,7,1
2200000,3,7,1
2201000,3,5,1
2202000,1,2,1
2203000,3,8,1
2204000,3,8,1
2205000,4,8,1
2206000,7,8,1
2207000,5,7,1
2208000,4,8,1
2209000,3,6,1
2210000,7,8,1
2211000,5,7,1
2212000,6,7,1
2213000,4,8,1
2214000,1,7,1
2215000,6,7,1
2216000,3,4,1
2217000,1,3,1
2218000,3,5,1
2219000,3,5,1
2220000,2,5,1
2221000,1,5,1
2222000,6,8,1
2223000,1,4,1
2224000,3,7,1
2225000,1,4,1
2226000,6,8,1
2227000,6,7,1
2228000,1,8,1
2229000,5,6,1
2230000,4,8,1
2231000,4,8,1
2232000,1,7,1
2233000,7,8,1
2234000,4,5,1
2235000,4,8,1
2236000,6,7,1
2237000,5,6,1
2238000,5,8,1
2239000,5,7,1
2240000,7,8,1
2241000,2,8,1
2242000,1,8,1
2243000,3,4,1
2244000,2,5,1
2245000,2,4,1
2246000,1,5,1
2247000,7,8,1
2248000,1,4,1
2249000,4,6,1
2250000,4,7,1
2251000,1,7,1
2252000,2,6,1
2253000,1,4,1
2254000,1,8,0
2255000,3,7,1
2256000,1,4,1
2257000,2,4,1
2258000,7,8,1
2259000,4,6,1
2260000,6,7,1
2261000,5,6,1
2262000,1,4,1
2263000,6,7,1
2264000,5,6,1
2265000,5,7,1
2266000,3,7,1
2267000,2,4,1
2268000,1,3,1
2269000,4,5,1
2270000,4,7,1
2271000,3,8,1
2272000,1,8,1
2273000,2,4,1
2274000,4,6,1
2275000,5,8,1
2276000,3,7,1
2277000,3,6,1
2278000,2,3,1
2279000,2,5,1
2280000,5,7,1
2281000,1,2,1
2282000,5,6,1
2283000,2,5,1
2284000,5,7,1
2285000,3,8,0
2286000,3,7,1
2287000,3,6,1
2288000,5,8,1
2289000,2,6,1
2290000,2,7,1
2291000,4,5,1
2292000,4,5,1
2293000,3,8,1
2294000,4,7,1
2295000,1,8,1
2296000,3,6,1
2297000,5,6,1
2298000,1,6,1
2299000,2,8,1
2300000,3,6,1
2301000,1,7,1
2302000,2,8,1
2303000,3,5,1
2304000,3,4,1
2305000,3,4,1
2306000,1,8,1
2307000,5,6,1
2308000,5,6,1
2309000,2,7,0
2310000,4,5,1
2311000,2,8,0
2312000,3,8,1
2313000,2,3,1
2314000,5,7,1
2315000,2,4,1
2316000,3,6,1
2317000,4,6,1
2318000,3,5,1
2319000,2,8,1
2320000,4,6,1
2321000,4,5,1
2322000,2,6,1
2323000,1,8,1
2324000,3,5,1
2325000,6,8,1
2326000,7,8,1
2327000,2,7,1
2328000,1,2,1
2329000,5,7,1
2330000,3,4,1
2331000,6,7,1
2332000,6,7,1
2333000,6,8,1
2334000,1,3,1
2335000,4,5,1
2336000,5,8,1
2337000,2,8,1
2338000,4,6,1
2339000,1,5,0
2340000,3,5,1
2341000,1,8,1
2342000,3,5,1
2343000,4,8,1
2344000,3,6,1
2345000,5,8,1
2346000,1,2,1
2347000,2,8,1
2348000,4,8,1
2349000,7,8,1
2350000,2,8,1
2351000,2,6,1
2352000,6,7,1
2353000,2,7,1
2354000,5,7,1
2355000,1,2,1
2356000,1,6,1
2357000,2,3,1
2358000,6,7,1
2359000,1,4,1
2360000,3,4,1
2361000,5,8,1
2362000,4,7,1
2363000,3,8,1
2364000,5,7,1
2365000,1,6,1
2366000,7,8,1
2367000,1,8,1
2368000,4,6,1
2369000,4,8,1
2370000,5,8,0
2371000,5,6,1
2372000,5,8,1
2373000,2,7,1
2374000,1,3,1
2375000,1,5,1
2376000,1,7,1
2377000,4,5,1
2378000,3,6,1
2379000,2,5,1
2380000,7,8,1
2381000,6,7,1
2382000,5,8,1
2383000,6,7,1
2384000,3,6,1
2385000,4,7,1
2386000,5,6,1
2387000,5,7,1
2388000,5,6,1
2389000,3,5,1
2390000,4,8,1
2391000,1,6,1
2392000,5,8,1
2393000,2,3,1
2394000,3,8,1
2395000,2,3,1
2396000,6,8,1
2397000,2,3,1
2398000,5,7,1
2399000,2,5,1
2400000,1,4,1
2401000,2,3,1
2402000,5,8,0
2403000,1,5,1
2404000,4,7,1
2405000,4,6,1
2406000,1,8,1
2407000,1,3,1
2408000,7,8,1
2409000,5,6,1
2410000,2,6,1
2411000,2,4,1
2412000,2,3,1
2413000,3,8,1
2414000,4,5,1
2415000,5,6,1
2416000,6,8,1
2417000,2,3,1
2418000,2,4,1
2419000,6,8,1
2420000,1,6,1
2421000,4,6,1
2422000,5,8,1
2423000,5,6,1
2424000,7,8,1
2425000,1,4,1
2426000,3,4,1
2427000,1,2,1
2428000,3,6,1
2429000,1,6,1
2430000,1,2,1
2431000,1,7,1
2432000,5,7,1
2433000,3,6,1
2434000,2,6,1
2435000,4,7,1
2436000,2,5,1
2437000,1,7,1
2438000,4,5,1
2439000,2,7,1
2440000,5,6,1
2441000,2,7,1
2442000,5,7,1
2443000,4,7,0
2444000,1,3,1
2445000,1,4,1
2446000,6,8,1
2447000,1,2,1
2448000,2,3,1
2449000,5,6,1
2450000,6,8,1
2451000,3,5,1
2452000,4,8,1
2453000,7,8,1
2454000,3,5,1
2455000,2,3,1
2456000,3,4,1
2457000,1,2,1
2458000,4,6,1
2459000,1,5,1
2460000,1,5,1
2461000,2,6,1
2462000,2,6,1
2463000,2,8,1
2464000,5,7,1
2465000,3,6,1
2466000,3,6,1
2467000,2,7,1
2468000,7,8,1
2469000,6,7,1
2470000,7,8,1
2471000,4,5,1
2472000,3,5,1
2473000,5,7,1
2474000,1,5,1
2475000,5,7,1
2476000,1,4,1
2477000,2,6,1
2478000,2,7,1
2479000,4,7,1
2480000,4,8,1
2481000,2,7,1
2482000,2,8,1
2483000,3,8,1
2484000,1,7,1
2485000,1,6,1
2486000,3,6,1
2487000,1,3,1
2488000,2,7,1
2489000,4,8,1
2490000,2,7,1
2491000,7,8,1
2492000,1,6,1
2493000,2,6,1
2494000,1,3,1
2495000,3,4,1
2496000,5,7,1
2497000,1,7,1
2498000,1,5,1
2499000,3,7,1
2500000,6,8,1
2501000,2,6,1
2502000,4,5,1
2503000,2,3,1
2504000,3,4,1
2505000,4,6,1
2506000,2,8,1
2507000,2,5,1
2508000,1,2,1
2509000,1,5,1
2510000,2,3,1
2511000,7,8,1
2512000,2,3,1
2513000,5,6,1
2514000,2,8,1
2515000,4,8,0
2516000,4,6,1
2517000,5,6,1
2518000,7,8,1
2519000,1,6,1
2520000,5,6,1
2521000,1,2,1
2522000,3,4,1
2523000,2,4,1
2524000,1,3,1
2525000,3,4,1
2526000,2,5,1
2527000,1,7,1
2528000,1,7,1
2529000,5,7,1
2530000,1,5,1
2531000,1,3,1
2532000,6,7,1
2533000,2,3,1
2534000,1,4,1
2535000,1,6,1
2536000,2,4,1
2537000,6,8,1
2538000,2,5,1
2539000,7,8,1
2540000,7,8,1
2541000,1,6,1
2542000,1,4,0
2543000,6,7,1
2544000,3,6,0
2545000,2,6,1
2546000,4,6,1
2547000,1,6,1
2548000,1,7,0
2549000,1,6,1
2550000,2,7,1
2551000,2,5,1
2552000,1,5,1
2553000,2,5,1
2554000,1,4,1
2555000,3,6,0
2556000,7,8,1
2557000,2,5,1
2558000,3,5,1
2559000,4,6,1
2560000,3,4,1
2561000,2,7,1
2562000,4,5,1
2563000,3,5,1
2564000,4,8,1
2565000,3,8,1
2566000,6,7,1
2567000,1,2,1
2568000,3,4,1
2569000,1,4,0
2570000,3,4,1
2571000,1,5,1
2572000,3,7,1
2573000,4,8,1
2574000,4,5,1
2575000,6,7,1
2576000,3,5,1
2577000,4,8,1
2578000,1,7,1
2579000,1,8,0
2580000,1,3,1
2581000,5,8,1
2582000,1,8,1
2583000,4,5,1
2584000,3,6,1
2585000,1,6,1
2586000,2,3,1
2587000,4,6,1
2588000,2,6,1
2589000,4,5,1
2590000,6,7,1
2591000,6,7,1
2592000,2,5,1
2593000,2,5,1
2594000,6,7,1
2595000,2,3,1
2596000,1,7,1
2597000,2,4,1
2598000,4,6,1
2599000,5,7,1
2600000,5,6,1
2601000,7,8,1
2602000,1,5,1
2603000,4,8,1
2604000,5,7,1
2605000,4,7,1
2606000,1,8,1
2607000,2,6,1
2608000,4,6,1
2609000,3,8,1
2610000,4,7,1
2611000,1,3,1
2612000,1,3,1
2613000,3,7,1
2614000,2,8,1
2615000,1,2,1
2616000,3,8,1
2617000,4,7,1
2618000,1,7,1
2619000,1,8,1
2620000,5,7,1
2621000,7,8,1
2622000,3,8,1
2623000,3,6,1
2624000,3,5,1
2625000,4,8,1
2626000,2,5,1
2627000,2,6,1
2628000,1,7,1
2629000,1,6,1
2630000,1,6,1
2631000,1,7,1
2632000,1,5,1
2633000,3,4,1
2634000,1,3,1
2635000,3,7,1
2636000,2,7,1
2637000,2,7,1
2638000,1,5,1
2639000,4,6,1
2640000,6,7,1
2641000,1,7,1
2642000,6,7,1
2643000,4,6,1
2644000,6,8,1
2645000,3,7,1
2646000,6,8,1
2647000,1,7,1
2648000,1,6,1
2649000,4,5,1
2650000,1,6,1
2651000,5,8,1
2652000,4,6,1
2653000,1,8,1
2654000,6,7,1
2655000,4,7,1
2656000,2,8,1
2657000,6,8,1
2658000,2,8,0
2659000,3,7,1
2660000,7,8,1
2661000,2,5,1
2662000,3,4,1
2663000,1,5,1
2664000,3,7,1
2665000,4,7,1
2666000,3,8,1
2667000,3,8,1
2668000,5,7,0
2669000,1,3,1
2670000,7,8,1
2671000,5,7,1
2672000,4,6,1
2673000,5,8,1
2674000,5,6,1
2675000,3,6,1
2676000,3,4,1
2677000,1,3,1
2678000,7,8,1
2679000,1,6,1
2680000,3,4,1
2681000,2,7,0
2682000,4,6,1
2683000,1,3,1
2684000,1,4,1
2685000,2,7,1
2686000,4,5,1
2687000,1,5,0
2688000,4,6,1
2689000,6,7,1
2690000,1,8,0
2691000,2,5,1
2692000,2,4,1
2693000,6,7,1
2694000,3,5,1
2695000,1,2,1
2696000,5,8,1
2697000,7,8,1
2698000,4,5,1
2699000,7,8,1
2700000,2,3,1
2701000,3,8,1
2702000,3,5,1
2703000,2,3,1
2704000,4,6,1
2705000,6,7,1
2706000,6,7,1
2707000,1,6,1
2708000,1,8,1
2709000,1,4,1
2710000,6,8,1
2711000,2,3,1
2712000,2,8,1
2713000,1,5,0
2714000,2,5,1
2715000,6,7,1
2716000,1,6,1
2717000,1,4,1
2718000,4,8,1
2719000,4,5,1
2720000,3,6,1
2721000,2,4,1
2722000,2,7,1
2723000,1,3,1
2724000,1,2,1
2725000,5,6,1
2726000,6,8,1
2727000,5,6,1
2728000,4,6,1
2729000,2,4,1
2730000,3,5,1
2731000,2,3,1
2732000,4,7,1
2733000,3,7,1
2734000,2,8,1
2735000,2,6,1
2736000,2,8,1
2737000,3,5,1
2738000,1,5,1
2739000,5,8,1
2740000,6,7,1
2741000,1,7,1
2742000,2,5,1
2743000,2,5,1
2744000,5,8,1
2745000,1,2,1
2746000,4,6,1
2747000,3,4,1
2748000,2,7,1
2749000,3,8,1
2750000,2,8,1
2751000,2,8,1
2752000,5,8,1
2753000,6,8,1
2754000,5,6,1
2755000,4,6,1
2756000,2,6,1
2757000,3,6,1
2758000,3,7,1
2759000,2,6,1
2760000,7,8,1
2761000,2,7,1
2762000,7,8,1
2763000,5,8,1
2764000,4,7,1
2765000,3,7,1
2766000,3,5,1
2767000,4,8,1
2768000,3,8,1
2769000,4,6,1
2770000,1,8,1
2771000,6,8,1
2772000,5,6,1
2773000,7,8,1
2774000,5,7,1
2775000,4,7,1
2776000,6,8,1
2777000,2,5,1
2778000,4,6,1
2779000,1,6,1
2780000,4,5,1
2781000,6,7,1
2782000,4,8,1
2783000,1,6,1
2784000,2,6,1
2785000,4,8,1
2786000,6,7,1
2787000,1,8,1
2788000,4,8,1
2789000,4,7,1
2790000,4,8,1
2791000,4,6,1
2792000,2,4,1
2793000,1,8,1
2794000,5,7,1
2795000,2,7,1
2796000,1,6,1
2797000,1,8,1
2798000,1,7,1
2799000,5,7,1
2800000,3,8,1
2801000,3,7,1
2802000,2,4,1
2803000,7,8,1
2804000,4,6,1
2805000,3,5,1
2806000,6,7,1
2807000,1,6,1
2808000,1,3,1
2809000,2,3,1
2810000,3,5,1
2811000,3,4,1
2812000,3,8,1
2813000,2,7,1
2814000,3,6,1
2815000,4,7,1
2816000,6,7,1
2817000,5,6,1
2818000,1,2,1
2819000,4,8,1
2820000,6,8,0
2821000,3,4,1
2822000,3,8,1
2823000,6,7,1
2824000,5,8,1
2825000,1,5,1
2826000,1,2,1
2827000,2,7,1
2828000,1,6,1
2829000,1,5,1
2830000,3,6,1
2831000,5,6,1
2832000,3,5,1
2833000,2,8,0
2834000,5,8,1
2835000,4,5,1
2836000,2,5,1
2837000,3,6,0
2838000,1,3,1
2839000,4,7,1
2840000,4,7,1
2841000,1,4,1
2842000,3,5,1
2843000,1,5,1
2844000,2,3,1
2845000,1,5,1
2846000,3,6,1
2847000,3,6,1
2848000,2,8,1
2849000,4,7,1
2850000,4,8,1
2851000,1,5,1
2852000,4,5,1
2853000,5,8,1
2854000,4,8,1
2855000,1,7,1
2856000,6,8,1
2857000,4,6,1
2858000,1,5,1
2859000,5,6,1
2860000,6,7,1
2861000,5,7,0
2862000,5,6,1
2863000,2,5,1
2864000,2,4,1
2865000,4,8,1
2866000,7,8,1
2867000,2,8,1
2868000,1,8,1
2869000,2,5,1
2870000,6,8,1
2871000,4,8,1
2872000,3,4,1
2873000,1,6,1
2874000,2,5,1
2875000,1,4,1
2876000,6,7,1
2877000,2,8,1
2878000,1,8,1
2879000,2,7,1
2880000,6,7,1
2881000,2,5,1
2882000,1,2,1
2883000,2,5,1
2884000,6,7,1
2885000,2,3,1
2886000,4,6,1
2887000,3,8,1
2888000,2,4,1
2889000,5,6,1
2890000,4,8,1
2891000,2,6,1
2892000,5,7,1
2893000,4,5,1
2894000,7,8,1
2895000,2,5,1
2896000,4,6,1
2897000,1,4,1
2898000,4,6,1
2899000,4,7,1
2900000,3,4,1
2901000,6,8,0
2902000,2,6,1
2903000,4,6,1
2904000,4,5,1
2905000,5,7,1
2906000,6,8,1
2907000,4,7,1
2908000,1,8,1
2909000,4,7,1
2910000,1,4,1
2911000,3,4,1
2912000,3,5,1
2913000,4,6,1
2914000,3,8,1
2915000,4,7,0
2916000,6,7,1
2917000,3,5,1
2918000,1,5,1
2919000,2,3,1
2920000,1,2,1
2921000,4,5,1
2922000,2,5,1
2923000,1,2,1
2924000,2,3,1
2925000,6,7,1
2926000,2,7,1
2927000,3,4,1
2928000,2,8,1
2929000,5,8,1
2930000,2,7,1
2931000,1,4,1
2932000,5,7,1
2933000,3,6,1
2934000,3,7,1
2935000,1,4,1
2936000,4,5,1
2937000,2,6,1
2938000,2,5,1
2939000,1,3,1
2940000,2,7,1
2941000,5,7,0
2942000,3,4,1
2943000,4,8,1
2944000,2,6,1
2945000,2,8,1
2946000,2,3,1
2947000,6,8,1
2948000,5,7,1
2949000,5,7,1
2950000,4,6,1
2951000,5,7,1
2952000,5,6,1
2953000,1,3,1
2954000,2,4,1
2955000,1,4,1
2956000,1,2,1
2957000,5,6,1
2958000,2,7,1
2959000,1,2,1
2960000,3,5,1
2961000,4,6,1
2962000,4,8,1
2963000,1,4,1
2964000,4,5,1
2965000,2,7,1
2966000,1,4,1
2967000,3,8,1
2968000,1,6,0
2969000,2,7,1
2970000,3,4,1
2971000,2,8,1
2972000,1,3,1
2973000,5,7,1
2974000,2,5,1
2975000,4,5,1
2976000,2,5,1
2977000,5,6,1
2978000,3,8,1
2979000,1,5,1
2980000,3,6,1
2981000,2,8,1
2982000,4,8,1
2983000,2,3,1
2984000,4,8,1
2985000,4,7,1
2986000,1,2,1
2987000,4,5,1
2988000,4,6,1
2989000,1,6,1
2990000,3,7,1
2991000,7,8,1
2992000,1,3,1
2993000,5,6,1
2994000,3,6,1
2995000,4,8,1
2996000,4,7,0
2997000,1,8,1
2998000,4,5,1
2999000,2,6,1
3000000,2,4,1
3001000,1,2,1
3002000,6,7,1
3003000,2,3,1
3004000,1,6,1
3005000,4,6,1
3006000,6,7,1
3007000,6,8,1
3008000,2,7,1
3009000,1,4,1
3010000,7,8,1
3011000,1,4,1
3012000,5,8,0
3013000,6,7,1
3014000,2,8,1
3015000,5,7,1
3016000,3,8,1
3017000,4,8,1
3018000,3,7,1
3019000,2,6,1
3020000,4,6,1
3021000,4,6,1
3022000,1,6,1
3023000,2,3,1
3024000,1,8,1
3025000,6,8,1
3026000,2,7,1
3027000,3,6,1
3028000,7,8,1
3029000,6,8,1
3030000,1,6,1
3031000,7,8,1
3032000,1,5,0
3033000,3,4,1
3034000,1,3,1
3035000,3,8,1
3036000,3,4,1
3037000,1,7,1
3038000,1,4,1
3039000,1,6,1
3040000,5,8,1
3041000,2,5,1
3042000,4,5,1
3043000,2,8,1
3044000,1,8,1
3045000,1,5,1
3046000,3,6,1
3047000,5,7,1
3048000,6,8,1
3049000,5,8,1
3050000,1,3,1
3051000,3,4,1
3052000,3,8,1
3053000,3,4,1
3054000,5,6,1
3055000,4,8,1
3056000,3,8,1
3057000,3,8,1
3058000,7,8,1
3059000,2,3,1
3060000,2,8,1
3061000,6,8,0
3062000,2,7,1
3063000,4,6,1
3064000,1,8,1
3065000,5,7,1
3066000,2,7,1
3067000,2,6,1
3068000,4,7,1
3069000,3,6,0
3070000,5,6,1
3071000,2,3,1
3072000,4,6,1
3073000,1,2,1
3074000,1,3,1
3075000,1,3,1
3076000,3,6,1
3077000,4,5,1
3078000,1,3,1
3079000,1,2,1
3080000,5,6,1
3081000,7,8,1
3082000,5,7,1
3083000,2,7,1
3084000,3,7,1
3085000,5,7,1
3086000,1,3,1
3087000,7,8,1
3088000,1,7,0
3089000,7,8,1
3090000,3,5,1
3091000,3,7,1
3092000,2,6,1
3093000,1,3,1
3094000,2,5,1
3095000,5,6,1
3096000,4,6,1
3097000,4,7,1
3098000,1,3,1
3099000,3,5,1
3100000,3,6,0
3101000,4,5,1
3102000,3,7,1
3103000,4,5,1
3104000,3,8,1
3105000,1,8,1
3106000,2,7,1
3107000,6,7,1
3108000,1,4,1
3109000,2,3,1
3110000,3,4,1
3111000,2,6,1
3112000,4,7,1
3113000,2,3,1
3114000,2,8,1
3115000,7,8,1
3116000,3,8,1
3117000,6,7,1
3118000,4,6,1
3119000,1,8,1
3120000,1,6,1
3121000,2,5,1
3122000,2,6,1
3123000,2,6,1
3124000,3,6,1
3125000,1,8,1
3126000,5,7,1
3127000,3,6,1
3128000,2,3,1
3129000,2,6,1
3130000,6,7,1
3131000,7,8,1
3132000,3,7,1
3133000,3,6,1
3134000,4,8,1
3135000,4,6,1
3136000,3,4,1
3137000,4,8,1
3138000,6,8,1
3139000,3,4,1
3140000,5,8,1
3141000,4,7,1
3142000,6,8,1
3143000,2,3,1
3144000,2,4,1
3145000,5,8,1
3146000,3,4,1
3147000,5,6,1
3148000,1,6,1
3149000,1,5,1
3150000,1,5,1
3151000,6,8,1
3152000,2,8,1
3153000,3,5,1
3154000,3,8,1
3155000,3,8,1
3156000,1,6,1
3157000,4,7,1
3158000,6,7,1
3159000,3,6,1
3160000,6,7,1
3161000,4,8,1
3162000,6,8,1
3163000,6,8,1
3164000,2,7,1
3165000,1,6,1
3166000,4,6,1
3167000,1,8,0
3168000,2,5,1
3169000,2,7,1
3170000,4,6,1
3171000,1,8,1
3172000,1,6,1
3173000,2,3,1
3174000,1,4,1
3175000,2,6,1
3176000,2,8,1
3177000,5,6,1
3178000,2,3,1
3179000,6,7,1
3180000,6,8,1
3181000,3,4,1
3182000,3,8,0
3183000,3,4,1
3184000,1,2,1
3185000,1,8,1
3186000,3,5,0
3187000,4,5,1
3188000,4,7,0
3189000,2,6,1
3190000,3,5,1
3191000,2,8,1
3192000,1,5,1
3193000,2,8,1
3194000,1,5,1
3195000,4,5,0
3196000,5,6,1
3197000,3,6,1
3198000,4,6,1
3199000,3,8,0
3200000,2,3,1
3201000,2,8,1
3202000,4,5,1
3203000,2,6,1
3204000,1,4,1
3205000,3,8,1
3206000,4,8,1
3207000,5,8,1
3208000,4,8,1
3209000,4,6,1
3210000,2,8,0
3211000,2,3,1
3212000,4,8,1
3213000,1,5,1
3214000,5,8,1
3215000,6,8,1
3216000,2,4,1
3217000,1,5,1
3218000,3,8,1
3219000,3,5,1
3220000,4,7,1
3221000,1,7,1
3222000,4,6,1
3223000,2,6,1
3224000,5,6,1
3225000,1,6,1
3226000,2,5,1
3227000,2,3,1
3228000,2,7,1
3229000,4,5,1
3230000,7,8,1
3231000,2,3,1
3232000,1,4,1
3233000,3,8,1
3234000,5,8,0
3235000,4,7,1
3236000,1,3,1
3237000,1,5,1
3238000,2,3,1
3239000,3,7,1
3240000,2,6,1
3241000,2,8,1
3242000,1,2,1
3243000,5,7,1
3244000,2,4,1
3245000,6,8,1
3246000,1,8,1
3247000,5,8,1
3248000,3,6,1
3249000,1,8,1
3250000,2,5,1
3251000,2,4,1
3252000,5,7,1
3253000,2,3,1
3254000,1,5,1
3255000,2,4,1
3256000,3,7,1
3257000,5,6,1
3258000,1,2,1
3259000,2,6,1
3260000,2,5,1
3261000,1,2,1
3262000,2,4,1
3263000,3,5,1
3264000,2,8,1
3265000,1,6,1
3266000,1,8,1
3267000,2,6,1
3268000,3,4,1
3269000,4,8,1
3270000,6,7,1
3271000,5,7,1
3272000,5,8,1
3273000,4,6,1
3274000,1,8,1
3275000,4,8,1
3276000,3,7,1
3277000,2,5,1
3278000,1,5,1
3279000,3,6,1
3280000,2,3,1
3281000,5,6,1
3282000,1,7,1
3283000,1,3,1
3284000,3,7,1
3285000,2,5,1
3286000,5,8,1
3287000,4,8,1
3288000,1,3,1
3289000,1,4,1
3290000,1,2,1
3291000,4,8,1
3292000,2,4,1
3293000,4,8,1
3294000,1,6,0
3295000,3,5,1
3296000,2,3,1
3297000,5,7,1
3298000,2,8,1
3299000,3,6,1
3300000,7,8,1
3301000,6,8,1
3302000,2,4,1
3303000,4,5,1
3304000,1,6,1
3305000,2,7,1
3306000,1,4,1
3307000,2,6,1
3308000,7,8,1
3309000,3,4,1
3310000,2,8,1
3311000,1,5,1
3312000,4,6,1
3313000,1,2,1
3314000,1,4,1
3315000,7,8,1
3316000,1,3,1
3317000,4,8,1
3318000,2,7,1
3319000,4,6,1
3320000,2,4,1
3321000,2,8,1
3322000,5,8,1
3323000,3,6,1
3324000,2,6,1
3325000,2,6,1
3326000,5,7,1
3327000,3,6,1
3328000,5,6,1
3329000,2,3,1
3330000,3,6,1
3331000,2,3,0
3332000,3,5,1
3333000,4,6,1
3334000,1,2,1
3335000,5,8,1
3336000,3,5,1
3337000,2,6,1
3338000,4,8,0
3339000,1,4,1
3340000,2,7,1
3341000,1,3,1
3342000,7,8,0
3343000,4,5,1
3344000,3,5,1
3345000,3,5,1
3346000,2,3,1
3347000,2,3,1
3348000,6,8,1
3349000,4,7,1
3350000,1,2,1
3351000,3,7,1
3352000,3,5,1
3353000,4,5,1
3354000,2,3,1
3355000,1,4,0
3356000,3,8,1
3357000,4,6,1
3358000,6,8,1
3359000,1,5,1
3360000,1,5,1
3361000,1,7,1
3362000,3,5,1
3363000,3,4,1
3364000,5,7,1
3365000,3,7,1
3366000,4,6,1
3367000,3,6,1
3368000,4,8,1
3369000,2,6,1
3370000,3,8,1
3371000,1,3,1
3372000,3,7,1
3373000,6,7,1
3374000,1,7,1
3375000,3,8,1
3376000,5,8,1
3377000,3,6,1
3378000,2,6,1
3379000,2,7,1
3380000,6,7,1
3381000,7,8,1
3382000,4,6,1
3383000,4,6,1
3384000,4,6,1
3385000,2,7,1
3386000,2,5,1
3387000,3,4,1
3388000,1,5,0
3389000,3,8,1
3390000,4,6,1
3391000,2,7,1
3392000,1,6,1
3393000,1,8,1
3394000,1,3,1
3395000,3,6,1
3396000,2,7,1
3397000,5,7,1
3398000,5,7,1
3399000,3,5,1
3400000,1,6,1
3401000,1,8,1
3402000,3,8,1
3403000,3,8,1
3404000,3,5,1
3405000,2,4,1
3406000,1,8,1
3407000,3,7,1
3408000,1,6,1
3409000,2,5,1
3410000,1,6,1
3411000,2,5,1
3412000,2,4,1
3413000,2,6,1
3414000,5,7,1
3415000,2,5,1
3416000,5,7,1
3417000,1,3,1
3418000,2,6,1
3419000,1,2,1
3420000,5,7,1
3421000,3,8,1
3422000,3,4,1
3423000,4,7,1
3424000,3,5,1
3425000,4,8,1
3426000,4,7,1
3427000,6,7,1
3428000,6,8,1
3429000,4,7,1
3430000,2,3,1
3431000,5,8,1
3432000,6,8,1
3433000,1,6,1
3434000,7,8,1
3435000,2,5,1
3436000,3,5,1
3437000,3,6,1
3438000,4,7,1
3439000,2,8,1
3440000,2,5,1
3441000,6,7,1
3442000,3,4,1
3443000,2,5,1
3444000,2,5,1
3445000,2,7,0
3446000,7,8,1
3447000,3,6,1
3448000,5,8,1
3449000,7,8,1
3450000,5,8,1
3451000,2,5,1
3452000,6,8,1
3453000,7,8,1
3454000,3,4,1
3455000,1,7,1
3456000,1,4,1
3457000,1,3,1
3458000,2,3,1
3459000,3,4,1
3460000,7,8,1
3461000,2,6,1
3462000,1,4,1
3463000,1,5,1
3464000,5,6,1
3465000,5,6,1
3466000,1,5,1
3467000,2,3,1
3468000,6,7,1
3469000,5,7,1
3470000,6,7,1
3471000,2,8,1
3472000,4,5,1
3473000,1,6,1
3474000,3,5,0
3475000,2,6,1
3476000,3,7,1
3477000,3,8,1
3478000,2,7,1
3479000,5,8,1
3480000,1,2,1
3481000,7,8,1
3482000,1,8,0
3483000,2,7,1
3484000,1,2,1
3485000,1,2,1
3486000,3,8,1
3487000,1,4,1
3488000,2,4,0
3489000,2,4,1
3490000,4,8,1
3491000,3,4,1
3492000,3,4,1
3493000,3,5,1
3494000,5,6,1
3495000,1,4,1
3496000,6,8,1
3497000,3,7,1
3498000,2,5,1
3499000,6,8,1
3500000,2,6,1
3501000,4,5,1
3502000,4,6,1
3503000,1,4,1
3504000,3,6,1
3505000,6,8,1
3506000,2,5,1
3507000,5,6,1
3508000,3,6,1
3509000,3,6,1
3510000,2,3,1
3511000,5,8,1
3512000,1,3,1
3513000,5,7,1
3514000,2,5,0
3515000,6,8,1
3516000,2,7,1
3517000,1,6,1
3518000,4,5,1
3519000,3,4,1
3520000,3,8,1
3521000,6,7,1
3522000,5,6,1
3523000,2,7,1
3524000,6,7,1
3525000,3,5,1
3526000,2,3,1
3527000,4,5,1
3528000,5,7,1
3529000,5,7,1
3530000,1,8,1
3531000,4,5,1
3532000,1,4,1
3533000,3,6,1
3534000,1,3,1
3535000,7,8,1
3536000,2,3,1
3537000,3,6,1
3538000,1,4,1
3539000,1,2,1
3540000,4,7,1
3541000,4,7,1
3542000,4,5,1
3543000,2,3,1
3544000,3,5,1
3545000,1,2,1
3546000,2,5,1
3547000,3,5,1
3548000,4,7,1
3549000,3,6,1
3550000,1,3,1
3551000,3,6,1
3552000,5,7,1
3553000,1,4,1
3554000,6,8,1
3555000,4,7,1
3556000,7,8,1
3557000,7,8,1
3558000,3,6,1
3559000,4,7,1
3560000,2,4,1
3561000,1,4,1
3562000,6,8,1
3563000,4,6,1
3564000,2,7,1
3565000,2,4,1
3566000,3,7,1
3567000,5,7,1
3568000,2,4,1
3569000,2,3,1
3570000,1,2,1
3571000,1,8,0
3572000,5,6,1
3573000,6,7,1
3574000,2,3,0
3575000,1,3,1
3576000,3,6,1
3577000,1,5,1
3578000,1,5,1
3579000,3,5,1
3580000,1,6,1
3581000,1,8,1
3582000,6,8,1
3583000,1,7,1
3584000,2,7,1
3585000,1,4,1
3586000,2,3,1
3587000,3,5,1
3588000,2,3,1
3589000,4,7,1
3590000,4,5,1
3591000,2,4,1
3592000,1,7,1
3593000,6,8,1
3594000,4,5,1
3595000,2,6,1
3596000,1,3,1
3597000,2,3,1
3598000,2,7,1
3599000,7,8,1
3600000,4,7,1
3601000,4,7,1
3602000,4,7,1
3603000,3,7,1
3604000,2,8,1
3605000,5,6,1
3606000,1,5,1
3607000,1,8,1
3608000,2,3,1
3609000,6,7,1
3610000,4,6,1
3611000,1,3,1
3612000,2,3,1
3613000,3,6,1
3614000,2,7,1
3615000,4,6,1
3616000,3,4,1
3617000,3,5,1
3618000,3,4,1
3619000,6,7,1
3620000,1,7,1
3621000,3,4,1
3622000,1,7,1
3623000,2,3,1
3624000,2,3,1
3625000,3,6,1
3626000,6,8,1
3627000,2,6,1
3628000,5,8,1
3629000,6,8,1
3630000,2,8,1
3631000,3,5,1
3632000,3,4,1
3633000,5,7,1
3634000,2,4,1
3635000,1,6,1
3636000,4,7,1
3637000,1,5,0
3638000,5,6,1
3639000,1,6,1
3640000,2,3,1
3641000,1,3,1
3642000,3,8,1
3643000,5,7,1
3644000,5,8,1
3645000,3,8,1
3646000,6,8,1
3647000,4,7,1
3648000,1,3,1
3649000,1,4,1
3650000,1,2,1
3651000,2,7,1
3652000,3,5,1
3653000,2,6,1
3654000,1,6,1
3655000,5,8,1
3656000,2,6,1
3657000,2,5,1
3658000,1,4,1
3659000,1,5,1
3660000,5,7,1
3661000,6,7,1
3662000,3,5,1
3663000,1,5,1
3664000,2,3,1
3665000,4,5,1
3666000,1,4,1
3667000,1,7,1
3668000,4,6,1
3669000,1,4,1
3670000,2,5,1
3671000,2,3,1
3672000,1,8,1
3673000,3,8,1
3674000,3,6,1
3675000,1,2,1
3676000,4,6,1
3677000,6,7,1
3678000,7,8,1
3679000,5,6,1
3680000,3,8,1
3681000,3,5,1
3682000,4,8,1
3683000,4,7,1
3684000,6,7,1
3685000,6,7,1
3686000,3,6,0
3687000,2,7,1
3688000,4,7,1
3689000,1,2,1
3690000,3,6,1
3691000,4,7,1
3692000,1,4,1
3693000,5,7,1
3694000,2,6,1
3695000,2,3,1
3696000,3,7,1
3697000,2,3,1
3698000,6,8,1
3699000,6,8,1
3700000,3,7,1
3701000,1,6,1
3702000,3,5,1
3703000,1,5,1
3704000,2,8,1
3705000,4,6,1
3706000,7,8,1
3707000,1,2,1
3708000,2,6,1
3709000,5,7,1
3710000,1,7,1
3711000,3,4,1
3712000,6,7,1
3713000,1,5,1
3714000,1,7,1
3715000,6,8,1
3716000,5,6,1
3717000,4,8,1
3718000,3,6,1
3719000,4,5,1
3720000,1,2,1
3721000,1,3,1
3722000,4,8,1
3723000,4,5,1
3724000,5,8,1
3725000,3,5,1
3726000,5,6,1
3727000,3,7,1
3728000,1,7,1
3729000,4,7,1
3730000,1,7,1
3731000,6,8,1
3732000,1,3,1
3733000,5,6,1
3734000,3,8,1
3735000,2,3,1
3736000,2,3,1
3737000,1,7,1
3738000,6,8,1
3739000,6,7,1
3740000,3,5,1
3741000,2,4,1
3742000,3,4,1
3743000,2,5,1
3744000,1,8,1
3745000,2,3,1
3746000,2,6,1
3747000,5,7,1
3748000,3,4,1
3749000,3,8,1
3750000,1,4,1
3751000,5,7,1
3752000,6,7,1
3753000,1,3,1
3754000,4,6,1
3755000,5,8,1
3756000,1,6,1
3757000,1,5,1
3758000,5,7,1
3759000,6,7,1
3760000,3,5,1
3761000,1,3,1
3762000,1,8,1
3763000,7,8,1
3764000,2,8,1
3765000,5,8,1
3766000,2,3,1
3767000,4,6,1
3768000,4,7,1
3769000,2,7,1
3770000,5,7,1
3771000,2,4,1
3772000,3,5,1
3773000,2,6,1
3774000,5,7,1
3775000,1,5,1
3776000,1,8,1
3777000,5,7,1
3778000,7,8,1
3779000,1,6,1
3780000,5,7,1
3781000,1,4,1
3782000,2,7,1
3783000,2,8,1
3784000,5,8,1
3785000,6,7,1
3786000,3,6,1
3787000,2,6,1
3788000,3,8,1
3789000,5,8,1
3790000,2,7,1
3791000,5,6,1
3792000,2,5,1
3793000,6,8,1
3794000,1,3,1
3795000,3,5,1
3796000,1,8,1
3797000,5,6,1
3798000,2,6,1
3799000,1,3,1
3800000,3,7,1
3801000,6,8,0
3802000,4,6,1
3803000,4,6,1
3804000,1,8,1
3805000,2,5,1
3806000,1,6,1
3807000,2,7,1
3808000,2,7,1
3809000,1,5,1
3810000,4,7,1
3811000,3,5,1
3812000,4,8,1
3813000,2,4,1
3814000,4,6,1
3815000,2,7,1
3816000,1,3,1
3817000,2,5,1
3818000,2,7,1
3819000,2,5,1
3820000,1,6,1
3821000,3,8,1
3822000,7,8,1
3823000,3,4,1
3824000,1,3,0
3825000,1,2,1
3826000,2,3,1
3827000,5,7,1
3828000,2,7,1
3829000,7,8,1
3830000,1,5,1
3831000,2,3,1
3832000,3,5,1
3833000,3,8,1
3834000,5,6,1
3835000,4,5,1
3836000,1,7,0
3837000,3,7,1
3838000,3,4,1
3839000,3,7,1
3840000,3,5,1
3841000,3,4,1
3842000,4,5,1
3843000,1,4,1
3844000,2,5,1
3845000,2,6,0
3846000,5,6,1
3847000,3,5,1
3848000,3,5,1
3849000,5,7,1
3850000,1,2,1
3851000,2,5,1
3852000,5,7,0
3853000,3,6,1
3854000,5,7,1
3855000,5,6,1
3856000,1,2,1
3857000,5,7,1
3858000,6,8,1
3859000,6,8,1
3860000,4,6,1
3861000,7,8,1
3862000,4,8,1
3863000,6,8,1
3864000,1,2,1
3865000,2,4,1
3866000,1,3,1
3867000,4,7,1
3868000,2,4,1
3869000,6,8,1
3870000,3,5,1
3871000,1,6,0
3872000,6,7,1
3873000,3,7,1
3874000,2,7,1
3875000,3,8,1
3876000,5,8,0
3877000,4,6,1
3878000,3,5,1
3879000,2,5,1
3880000,3,4,1
3881000,2,8,1
3882000,4,5,1
3883000,2,7,1
3884000,2,6,0
3885000,2,8,1
3886000,3,8,1
3887000,1,2,1
3888000,1,4,1
3889000,4,8,1
3890000,4,7,1
3891000,2,3,1
3892000,3,6,0
3893000,1,2,1
3894000,4,8,1
3895000,5,7,1
3896000,2,8,1
3897000,1,4,1
3898000,4,7,1
3899000,3,7,0
3900000,4,7,1
3901000,2,5,1
3902000,1,6,1
3903000,5,8,1
3904000,1,4,1
3905000,2,7,1
3906000,5,7,1
3907000,3,6,1
3908000,4,6,1
3909000,1,7,1
3910000,4,7,1
3911000,2,5,1
3912000,1,2,1
3913000,2,3,1
3914000,2,7,0
3915000,2,6,1
3916000,1,4,1
3917000,2,8,1
3918000,6,7,1
3919000,4,5,1
3920000,2,8,1
3921000,1,6,0
3922000,6,7,1
3923000,3,7,1
3924000,1,3,1
3925000,5,6,1
3926000,2,3,1
3927000,3,4,1
3928000,6,7,1
3929000,4,6,1
3930000,6,8,1
3931000,2,7,1
3932000,3,5,1
3933000,4,5,1
3934000,3,6,1
3935000,2,5,1
3936000,1,4,1
3937000,1,4,1
3938000,3,8,1
3939000,1,7,1
3940000,4,5,1
3941000,4,6,1
3942000,4,8,1
3943000,2,4,1
3944000,2,7,1
3945000,1,7,1
3946000,2,5,0
3947000,5,8,1
3948000,2,5,1
3949000,4,6,1
3950000,2,4,1
3951000,2,6,1
3952000,2,5,1
3953000,5,8,1
3954000,4,6,1
3955000,3,4,1
3956000,3,4,1
3957000,1,2,1
3958000,6,7,1
3959000,5,8,1
3960000,2,7,1
3961000,3,8,1
3962000,4,8,1
3963000,6,8,1
3964000,3,8,1
3965000,7,8,1
3966000,6,8,1
3967000,1,7,1
3968000,2,6,1
3969000,1,5,1
3970000,1,4,1
3971000,2,5,1
3972000,1,7,1
3973000,5,6,1
3974000,2,5,1
3975000,2,5,1
3976000,2,6,1
3977000,3,4,1
3978000,1,7,1
3979000,4,8,0
3980000,1,4,1
3981000,2,5,1
3982000,3,6,1
3983000,4,7,1
3984000,2,4,1
3985000,6,7,1
3986000,2,5,0
3987000,5,8,1
3988000,1,7,1
3989000,1,3,1
3990000,3,4,1
3991000,2,5,1
3992000,1,6,1
3993000,5,6,1
3994000,1,7,1
3995000,2,8,1
3996000,2,3,1
3997000,6,7,1
3998000,4,5,1
3999000,5,7,1
4000000,4,7,1
4001000,2,6,1
4002000,2,3,1
4003000,1,2,1
4004000,3,6,1
4005000,4,5,1
4006000,5,7,1
4007000,1,7,1
4008000,4,8,1
4009000,3,8,1
4010000,3,4,1
4011000,1,2,1
4012000,4,5,1
4013000,2,3,1
4014000,5,8,1
4015000,3,7,1
4016000,4,7,1
4017000,5,6,1
4018000,2,4,1
4019000,2,5,1
4020000,5,7,1
4021000,2,4,1
4022000,6,7,1
4023000,1,2,1
4024000,2,7,1
4025000,1,5,1
4026000,1,3,0
4027000,4,8,1
4028000,2,8,1
4029000,5,6,1
4030000,5,6,1
4031000,4,5,1
4032000,4,8,1
4033000,5,7,1
4034000,6,8,1
4035000,7,8,1
4036000,3,8,1
4037000,3,6,1
4038000,3,4,1
4039000,2,4,1
4040000,3,6,1
4041000,2,3,1
4042000,1,4,1
4043000,2,7,1
4044000,4,8,0
4045000,2,4,1
4046000,1,2,1
4047000,3,6,1
4048000,3,6,1
4049000,1,2,1
4050000,4,7,1
4051000,1,6,1
4052000,6,8,1
4053000,3,8,1
4054000,2,4,1
4055000,5,7,1
4056000,6,7,1
4057000,2,8,1
4058000,5,7,1
4059000,1,3,1
4060000,1,5,1
4061000,5,6,1
4062000,1,7,1
4063000,2,5,1
4064000,4,8,1
4065000,2,3,1
4066000,1,7,1
4067000,1,8,1
4068000,2,4,1
4069000,7,8,1
4070000,1,8,1
4071000,2,8,1
4072000,7,8,1
4073000,2,6,1
4074000,5,8,1
4075000,4,5,1
4076000,3,4,1
4077000,1,8,1
4078000,5,8,1
4079000,4,8,1
4080000,4,7,1
4081000,2,3,1
4082000,6,7,1
4083000,2,7,0
4084000,1,2,1
4085000,5,8,1
4086000,1,2,1
4087000,1,4,1
4088000,4,6,1
4089000,1,8,1
4090000,3,7,1
4091000,1,2,1
4092000,4,6,1
4093000,2,7,0
4094000,2,3,1
4095000,2,3,1
4096000,1,7,0
4097000,3,7,1
4098000,2,5,1
4099000,1,8,1
4100000,7,8,1
4101000,1,3,1
4102000,3,5,1
4103000,3,7,1
4104000,1,2,1
4105000,3,5,1
4106000,1,4,1
4107000,3,6,1
4108000,7,8,1
4109000,2,7,1
4110000,3,7,1
4111000,5,8,1
4112000,7,8,1
4113000,2,6,1
4114000,3,7,1
4115000,1,5,1
4116000,3,6,1
4117000,1,2,1
4118000,4,8,1
4119000,2,6,0
4120000,3,4,1
4121000,4,6,1
4122000,3,6,1
4123000,1,2,0
4124000,1,2,1
4125000,2,5,1
4126000,2,5,1
4127000,1,4,1
4128000,2,4,1
4129000,7,8,1
4130000,3,5,0
4131000,1,7,1
4132000,1,6,1
4133000,1,5,1
4134000,5,8,1
4135000,4,5,1
4136000,5,8,1
4137000,7,8,1
4138000,3,7,1
4139000,4,5,1
4140000,3,7,1
4141000,4,7,1
4142000,1,6,1
4143000,1,4,1
4144000,2,6,1
4145000,6,8,1
4146000,5,7,1
4147000,7,8,1
4148000,4,5,1
4149000,5,6,1
4150000,6,7,1
4151000,5,6,1
4152000,3,5,1
4153000,1,7,1
4154000,3,6,1
4155000,4,5,1
4156000,2,3,1
4157000,3,4,1
4158000,1,3,1
4159000,2,3,1
4160000,1,2,1
4161000,3,7,1
4162000,2,3,1
4163000,2,3,1
4164000,3,7,1
4165000,3,8,1
4166000,6,8,1
4167000,7,8,1
4168000,7,8,1
4169000,1,6,1
4170000,1,6,1
4171000,3,8,1
4172000,2,5,1
4173000,1,8,1
4174000,1,4,0
4175000,5,8,1
4176000,4,8,1
4177000,1,6,1
4178000,3,4,1
4179000,1,7,1
4180000,1,7,1
4181000,7,8,1
4182000,4,6,1
4183000,4,7,1
4184000,5,8,1
4185000,2,7,0
4186000,1,4,1
4187000,5,6,1
4188000,4,8,1
4189000,5,7,1
4190000,6,8,1
4191000,4,5,1
4192000,6,8,1
4193000,4,7,1
4194000,2,4,1
4195000,2,7,1
4196000,4,7,1
4197000,2,5,1
4198000,6,7,1
4199000,4,5,1
4200000,2,7,1
4201000,1,4,1
4202000,1,8,1
4203000,4,6,1
4204000,1,6,1
4205000,1,4,1
4206000,1,5,1
4207000,1,2,1
4208000,2,5,1
4209000,5,6,1
4210000,5,7,1
4211000,4,6,0
4212000,3,7,0
4213000,1,5,1
4214000,4,8,1
4215000,4,5,1
4216000,2,7,1
4217000,2,3,1
4218000,1,8,1
4219000,5,8,1
4220000,5,7,0
4221000,4,6,1
4222000,4,5,1
4223000,1,6,1
4224000,5,6,1
4225000,4,5,0
4226000,2,4,1
4227000,3,4,1
4228000,4,6,1
4229000,3,4,1
4230000,3,7,1
4231000,2,3,1
4232000,3,4,1
4233000,1,6,1
4234000,4,7,1
4235000,4,5,1
4236000,1,6,1
4237000,2,8,1
4238000,1,6,1
4239000,6,7,1
4240000,1,6,1
4241000,2,7,1
4242000,1,6,1
4243000,6,8,1
4244000,3,8,1
4245000,4,7,1
4246000,1,6,1
4247000,1,4,0
4248000,2,4,1
4249000,3,7,1
4250000,4,7,1
4251000,2,4,1
4252000,2,6,1
4253000,1,4,1
4254000,3,6,1
4255000,5,7,1
4256000,5,7,1
4257000,1,6,1
4258000,1,7,0
4259000,3,4,1
4260000,1,4,1
4261000,2,4,1
4262000,2,6,1
4263000,1,8,1
4264000,4,6,1
4265000,3,5,1
4266000,1,4,1
4267000,4,8,1
4268000,6,7,1
4269000,2,8,1
4270000,4,8,1
4271000,7,8,1
4272000,6,7,1
4273000,2,4,1
4274000,6,8,1
4275000,5,7,1
4276000,2,3,1
4277000,5,7,1
4278000,5,6,1
4279000,3,5,1
4280000,2,7,1
4281000,2,8,1
4282000,5,7,1
4283000,1,8,1
4284000,5,8,1
4285000,4,7,1
4286000,2,6,1
4287000,4,6,1
4288000,6,7,1
4289000,5,7,1
4290000,3,6,1
4291000,4,7,1
4292000,6,8,1
4293000,3,4,1
4294000,2,6,1
4295000,3,7,1
4296000,1,4,1
4297000,5,6,1
4298000,6,8,1
4299000,2,3,1
4300000,3,6,1
4301000,1,7,1
4302000,2,7,1
4303000,1,7,1
4304000,1,2,1
4305000,3,5,1
4306000,1,2,1
4307000,1,3,1
4308000,1,7,1
4309000,3,5,1
4310000,5,7,1
4311000,2,5,1
4312000,1,4,1
4313000,3,4,1
4314000,3,8,1
4315000,5,7,0
4316000,5,8,1
4317000,1,5,1
4318000,3,5,1
4319000,6,7,1
4320000,2,5,1
4321000,4,8,1
4322000,1,2,1
4323000,1,4,1
4324000,1,7,1
4325000,6,8,1
4326000,3,8,1
4327000,1,8,1
4328000,2,4,1
4329000,5,6,1
4330000,3,5,1
4331000,2,3,1
4332000,1,3,1
4333000,2,4,1
4334000,5,8,1
4335000,2,4,1
4336000,1,7,1
4337000,5,8,1
4338000,4,8,1
4339000,2,3,1
4340000,7,8,1
4341000,1,6,1
4342000,5,7,1
4343000,6,8,1
4344000,5,7,1
4345000,3,6,1
4346000,6,8,1
4347000,6,8,1
4348000,1,4,1
4349000,4,5,1
4350000,4,5,1
4351000,2,3,1
4352000,7,8,1
4353000,1,7,1
4354000,4,7,1
4355000,6,8,1
4356000,5,7,1
4357000,1,2,1
4358000,4,8,1
4359000,3,4,1
4360000,2,5,1
4361000,6,8,1
4362000,3,4,1
4363000,6,7,1
4364000,3,6,1
4365000,2,6,1
4366000,6,7,1
4367000,5,7,1
4368000,1,4,1
4369000,1,6,1
4370000,5,8,1
4371000,4,8,1
4372000,2,6,1
4373000,4,5,1
4374000,2,7,1
4375000,1,8,1
4376000,1,7,1
4377000,3,4,1
4378000,2,6,1
4379000,1,3,1
4380000,6,8,1
4381000,7,8,1
4382000,3,5,1
4383000,2,4,1
4384000,5,6,1
4385000,3,8,1
4386000,2,3,1
4387000,1,4,0
4388000,1,4,1
4389000,2,7,1
4390000,1,6,1
4391000,4,5,1
4392000,1,4,1
4393000,4,7,1
4394000,3,5,1
4395000,7,8,1
4396000,5,7,1
4397000,4,8,1
4398000,1,5,1
4399000,4,8,1
4400000,2,5,1
4401000,4,8,0
4402000,2,5,1
4403000,1,6,1
4404000,2,6,1
4405000,2,5,1
4406000,3,7,1
4407000,1,7,1
4408000,6,8,1
4409000,4,5,1
4410000,3,5,1
4411000,4,5,1
4412000,2,6,0
4413000,6,8,1
4414000,2,4,1
4415000,2,3,1
4416000,2,8,1
4417000,2,7,1
4418000,5,8,1
4419000,5,7,1
4420000,2,5,1
4421000,2,8,1
4422000,4,5,1
4423000,1,5,1
4424000,1,5,1
4425000,3,6,0
4426000,2,4,1
4427000,4,6,1
4428000,4,7,1
4429000,5,8,1
4430000,1,8,1
4431000,4,6,1
4432000,3,8,1
4433000,2,5,1
4434000,4,7,1
4435000,2,7,1
4436000,3,7,0
4437000,3,7,1
4438000,2,6,1
4439000,2,3,1
4440000,4,6,1
4441000,4,8,1
4442000,1,2,1
4443000,2,3,1
4444000,3,4,1
4445000,3,6,1
4446000,2,3,1
4447000,5,7,1
4448000,3,8,1
4449000,1,3,0
4450000,3,6,1
4451000,2,6,0
4452000,6,8,1
4453000,2,6,1
4454000,2,4,1
4455000,4,8,1
4456000,3,7,1
4457000,2,8,0
4458000,2,6,1
4459000,3,6,1
4460000,5,7,1
4461000,2,5,1
4462000,1,3,1
4463000,5,6,1
4464000,4,8,1
4465000,2,5,1
4466000,1,7,1
4467000,1,8,1
4468000,4,6,1
4469000,2,6,1
4470000,1,6,1
4471000,6,7,1
4472000,4,8,1
4473000,1,3,1
4474000,4,6,1
4475000,1,7,1
4476000,6,7,1
4477000,6,8,1
4478000,5,6,1
4479000,2,8,1
4480000,1,5,1
4481000,3,7,1
4482000,2,5,1
4483000,3,6,1
4484000,1,2,1
4485000,2,3,1
4486000,1,6,1
4487000,3,5,1
4488000,3,4,1
4489000,6,7,1
4490000,2,5,1
4491000,4,6,1
4492000,5,6,1
4493000,2,6,1
4494000,6,8,1
4495000,1,4,1
4496000,2,4,1
4497000,4,5,1
4498000,7,8,1
4499000,2,5,1
4500000,2,7,1
4501000,4,5,1
4502000,1,5,1
4503000,2,7,1
4504000,1,4,1
4505000,4,5,1
4506000,2,7,1
4507000,3,7,1
4508000,2,4,1
4509000,5,7,1
4510000,1,4,1
4511000,2,3,1
4512000,5,6,1
4513000,6,8,1
4514000,1,8,1
4515000,2,7,1
4516000,6,7,1
4517000,3,6,1
4518000,1,7,1
4519000,6,7,1
4520000,3,4,1
4521000,3,8,1
4522000,3,6,1
4523000,2,8,0
4524000,3,4,1
4525000,3,4,1
4526000,2,4,1
4527000,2,7,1
4528000,3,4,1
4529000,3,8,1
4530000,1,6,1
4531000,2,3,1
4532000,1,4,0
4533000,1,6,1
4534000,1,3,1
4535000,1,5,1
4536000,1,8,0
4537000,6,8,1
4538000,3,4,1
4539000,1,8,1
4540000,2,4,1
4541000,1,3,1
4542000,3,7,1
4543000,2,8,1
4544000,3,8,1
4545000,4,8,1
4546000,1,2,1
4547000,4,8,1
4548000,4,5,1
4549000,4,7,1
4550000,1,6,1
4551000,3,6,1
4552000,2,4,1
4553000,4,6,1
4554000,1,3,1
4555000,3,4,1
4556000,1,4,1
4557000,4,8,1
4558000,4,8,1
4559000,4,6,1
4560000,2,8,1
4561000,4,5,1
4562000,7,8,1
4563000,2,4,1
4564000,3,5,0
4565000,3,5,1
4566000,2,5,1
4567000,1,4,1
4568000,5,6,1
4569000,3,6,1
4570000,3,8,1
4571000,1,2,1
4572000,2,6,1
4573000,3,6,1
4574000,4,6,1
4575000,1,3,1
4576000,4,6,1
4577000,3,6,1
4578000,3,8,1
4579000,1,4,1
4580000,2,7,1
4581000,1,4,1
4582000,2,4,1
4583000,4,8,1
4584000,5,7,1
4585000,4,8,1
4586000,2,7,1
4587000,4,7,1
4588000,3,5,1
4589000,2,7,0
4590000,4,6,1
4591000,5,8,1
4592000,1,2,1
4593000,5,8,1
4594000,2,4,1
4595000,1,4,1
4596000,1,4,1
4597000,4,7,1
4598000,4,5,1
4599000,4,7,1
4600000,2,5,1
4601000,2,8,1
4602000,2,3,0
4603000,1,6,1
4604000,2,5,1
4605000,3,6,1
4606000,7,8,1
4607000,3,5,1
4608000,1,3,1
4609000,4,5,1
4610000,1,4,1
4611000,7,8,1
4612000,5,8,1
4613000,1,7,1
4614000,4,7,1
4615000,4,8,1
4616000,7,8,1
4617000,2,4,1
4618000,1,4,1
4619000,1,8,0
4620000,5,8,1
4621000,4,8,0
4622000,3,5,1
4623000,4,6,1
4624000,2,8,0
4625000,1,7,1
4626000,1,4,1
4627000,3,5,1
4628000,4,7,1
4629000,3,7,1
4630000,3,8,1
4631000,2,3,1
4632000,3,8,1
4633000,7,8,1
4634000,4,7,1
4635000,5,6,1
4636000,3,4,1
4637000,4,6,1
4638000,6,7,1
4639000,1,6,1
4640000,5,7,1
4641000,1,5,1
4642000,4,5,1
4643000,3,6,1
4644000,4,8,1
4645000,4,5,1
4646000,2,6,1
4647000,1,6,1
4648000,1,5,1
4649000,2,3,1
4650000,2,5,1
4651000,2,8,1
4652000,4,5,1
4653000,1,2,1
4654000,1,2,1
4655000,2,5,1
4656000,3,6,1
4657000,3,6,1
4658000,6,8,1
4659000,6,8,1
4660000,4,6,1
4661000,3,7,1
4662000,1,4,1
4663000,2,3,1
4664000,3,6,1
4665000,2,7,1
4666000,4,7,1
4667000,1,6,1
4668000,4,6,1
4669000,1,6,1
4670000,4,8,1
4671000,4,8,1
4672000,3,7,1
4673000,3,6,1
4674000,4,7,1
4675000,5,7,1
4676000,4,5,1
4677000,2,5,1
4678000,6,7,1
4679000,4,8,1
4680000,2,5,1
4681000,3,6,1
4682000,7,8,1
4683000,7,8,1
4684000,3,7,1
4685000,3,5,1
4686000,1,8,0
4687000,3,4,1
4688000,2,5,1
4689000,1,3,1
4690000,7,8,1
4691000,1,2,1
4692000,2,6,1
4693000,3,7,1
4694000,3,7,1
4695000,6,7,1
4696000,7,8,1
4697000,3,8,0
4698000,3,8,0
4699000,3,6,1
4700000,1,8,1
4701000,1,3,1
4702000,3,8,1
4703000,3,6,1
4704000,7,8,1
4705000,4,7,1
4706000,3,6,1
4707000,1,3,1
4708000,2,5,1
4709000,4,7,1
4710000,2,5,1
4711000,4,8,1
4712000,6,8,1
4713000,3,4,1
4714000,1,5,1
4715000,2,5,0
4716000,6,7,1
4717000,3,4,1
4718000,2,4,1
4719000,5,6,1
4720000,4,5,1
4721000,2,8,1
4722000,5,7,1
4723000,5,7,1
4724000,4,7,1
4725000,1,8,1
4726000,3,6,1
4727000,2,6,1
4728000,2,3,1
4729000,6,7,1
4730000,3,4,1
4731000,2,4,1
4732000,1,5,1
4733000,1,5,1
4734000,1,6,1
4735000,3,5,1
4736000,4,6,1
4737000,6,8,1
4738000,1,4,1
4739000,1,6,1
4740000,1,3,1
4741000,2,8,1
4742000,1,4,1
4743000,3,6,1
4744000,2,7,1
4745000,3,5,1
4746000,1,6,1
4747000,2,7,1
4748000,1,8,1
4749000,6,8,1
4750000,5,8,1
4751000,6,8,1
4752000,2,7,1
4753000,1,2,1
4754000,1,5,1
4755000,2,8,1
4756000,3,7,1
4757000,4,7,1
4758000,6,8,1
4759000,2,5,1
4760000,1,6,1
4761000,7,8,1
4762000,1,8,1
4763000,3,8,1
4764000,1,5,1
4765000,2,7,1
4766000,4,6,1
4767000,6,7,1
4768000,1,6,1
4769000,7,8,1
4770000,2,8,1
4771000,1,7,1
4772000,6,7,1
4773000,2,8,1
4774000,3,8,1
4775000,1,6,1
4776000,1,5,1
4777000,2,5,1
4778000,3,4,1
4779000,2,5,1
4780000,6,7,1
4781000,1,5,1
4782000,3,4,1
4783000,1,4,0
4784000,2,8,1
4785000,5,6,1
4786000,1,3,1
4787000,1,2,1
4788000,1,7,1
4789000,7,8,1
4790000,3,7,1
4791000,2,4,1
4792000,2,6,1
4793000,1,5,1
4794000,6,7,1
4795000,6,7,1
4796000,1,4,1
4797000,2,4,1
4798000,2,5,1
4799000,1,8,1
4800000,6,8,1
4801000,1,2,1
4802000,6,7,1
4803000,2,3,1
4804000,1,5,1
4805000,6,7,1
4806000,2,4,1
4807000,4,6,1
4808000,5,7,1
4809000,5,8,1
4810000,4,8,1
4811000,4,8,1
4812000,6,7,1
4813000,1,2,1
4814000,4,5,1
4815000,1,5,1
4816000,2,7,1
4817000,1,3,0
4818000,2,5,1
4819000,1,6,1
4820000,1,5,1
4821000,6,8,1
4822000,6,8,1
4823000,5,8,1
4824000,6,8,1
4825000,6,7,1
4826000,2,7,1
4827000,4,7,0
4828000,3,7,1
4829000,7,8,1
4830000,6,8,1
4831000,2,7,1
4832000,1,4,1
4833000,1,5,1
4834000,3,7,1
4835000,4,6,1
4836000,1,2,1
4837000,5,8,1
4838000,1,8,1
4839000,1,7,1
4840000,4,5,0
4841000,4,8,1
4842000,6,8,1
4843000,3,7,0
4844000,5,8,1
4845000,1,8,1
4846000,6,8,1
4847000,4,7,1
4848000,5,7,1
4849000,2,4,1
4850000,4,6,1
4851000,1,8,1
4852000,2,6,1
4853000,5,8,1
4854000,2,7,1
4855000,4,5,1
4856000,1,3,1
4857000,4,7,1
4858000,3,8,1
4859000,6,8,1
4860000,3,4,1
4861000,3,8,1
4862000,6,8,1
4863000,3,4,1
4864000,1,2,1
4865000,3,5,1
4866000,2,7,1
4867000,3,5,1
4868000,4,6,1
4869000,3,5,1
4870000,1,3,1
4871000,4,7,1
4872000,2,7,1
4873000,1,2,1
4874000,1,4,1
4875000,2,7,1
4876000,2,8,1
4877000,3,8,1
4878000,5,8,1
4879000,4,7,1
4880000,3,5,1
4881000,4,6,1
4882000,1,7,1
4883000,2,3,1
4884000,6,7,1
4885000,2,8,1
4886000,4,6,1
4887000,7,8,1
4888000,1,4,1
4889000,2,4,1
4890000,1,7,1
4891000,4,5,1
4892000,7,8,1
4893000,6,7,1
4894000,1,2,1
4895000,3,4,1
4896000,2,4,1
4897000,6,8,1
4898000,3,7,1
4899000,1,5,1
4900000,3,7,1
4901000,2,3,1
4902000,5,8,1
4903000,3,6,1
4904000,2,4,1
4905000,2,8,1
4906000,1,8,1
4907000,1,4,1
4908000,6,7,1
4909000,2,7,1
4910000,2,4,1
4911000,4,7,1
4912000,2,3,0
4913000,3,7,1
4914000,1,3,1
4915000,6,7,1
4916000,1,3,1
4917000,4,5,1
4918000,1,8,1
4919000,1,8,1
4920000,2,3,1
4921000,4,7,1
4922000,6,7,1
4923000,1,7,1
4924000,6,8,1
4925000,1,5,1
4926000,7,8,1
4927000,5,6,1
4928000,3,8,1
4929000,2,6,1
4930000,2,6,1
4931000,2,3,1
4932000,1,6,1
4933000,2,7,1
4934000,3,7,1
4935000,5,8,1
4936000,5,8,0
4937000,4,8,0
4938000,2,8,1
4939000,4,5,1
4940000,1,3,0
4941000,6,8,1
4942000,3,6,1
4943000,5,8,1
4944000,1,6,1
4945000,2,3,1
4946000,3,8,1
4947000,5,6,1
4948000,1,4,1
4949000,3,4,1
4950000,2,8,1
4951000,2,4,1
4952000,2,7,1
4953000,1,8,1
4954000,2,8,1
4955000,4,7,1
4956000,1,7,1
4957000,6,7,1
4958000,2,5,1
4959000,5,7,1
4960000,2,3,1
4961000,2,3,1
4962000,3,6,1
4963000,2,6,1
4964000,1,5,1
4965000,1,5,1
4966000,4,5,1
4967000,2,8,1
4968000,1,6,1
4969000,1,2,1
4970000,3,4,1
4971000,2,6,1
4972000,1,8,1
4973000,3,5,1
4974000,1,8,0
4975000,1,3,1
4976000,4,5,1
4977000,4,8,1
4978000,1,2,1
4979000,6,8,1
4980000,1,6,1
4981000,2,3,1
4982000,4,8,1
4983000,1,8,1
4984000,3,8,1
4985000,3,8,1
4986000,1,2,1
4987000,4,7,1
4988000,4,8,1
4989000,5,6,1
4990000,2,3,1
4991000,1,8,1
4992000,1,3,1
4993000,2,8,1
4994000,1,5,1
4995000,4,8,1
4996000,6,7,1
4997000,5,6,1
4998000,1,8,1
4999000,7,8,1
5000000,1,7,1
